exp: x/lambda	exp: y/lambda	theory: x/lambda	theory: y/lambda
-1.6458184	-0.002376711	-4	0
-1.636103891	-0.000242502	-3.99113901	-4.96E-09
-1.625904391	0.000164884	-3.982278019	-9.98E-09
-1.620723951	0.003059311	-3.973417029	-1.51E-08
-1.615148183	0.00304745	-3.964556039	-2.02E-08
-1.605878012	0.001059199	-3.955695049	-2.54E-08
-1.608661251	-0.002436845	-3.946834059	-3.06E-08
-1.591365551	-0.003469594	-3.937973069	-3.59E-08
-1.588477397	-0.00443438	-3.929112079	-4.13E-08
-1.577665036	0.004185318	-3.92025109	-4.67E-08
-1.572934988	-0.000770305	-3.9113901	-5.21E-08
-1.564464867	0.001462562	-3.90252911	-5.77E-08
-1.555438299	-0.001281582	-3.893668121	-6.33E-08
-1.550631793	-0.00231472	-3.884807131	-6.89E-08
-1.537178621	-0.002133993	-3.875946142	-7.47E-08
-1.533547084	0.0013004	-3.867085152	-8.05E-08
-1.526845755	0.001836438	-3.858224163	-8.63E-08
-1.51704176	0.00024538	-3.849363174	-9.23E-08
-1.509060828	-0.011108072	-3.840502185	-9.83E-08
-1.505812936	-0.001775139	-3.831641196	-1.04E-07
-1.503078245	-0.002133542	-3.822780207	-1.10E-07
-1.48934886	0.00336952	-3.813919218	-1.17E-07
-1.482139935	-0.001908328	-3.805058229	-1.23E-07
-1.4732605	0.002240643	-3.79619724	-1.29E-07
-1.467196015	-0.002101583	-3.787336252	-1.36E-07
-1.46923096	-0.001913814	-3.778475263	-1.42E-07
-1.460347048	0.001660764	-3.769614275	-1.49E-07
-1.453614945	0.002510977	-3.760753286	-1.55E-07
-1.435905695	0.00194197	-3.751892298	-1.62E-07
-1.431763071	-0.005128465	-3.74303131	-1.69E-07
-1.427126552	0.004007089	-3.734170322	-1.76E-07
-1.416061722	0.000300786	-3.725309334	-1.83E-07
-1.401903813	0.00014411	-3.716448346	-1.90E-07
-1.401580992	-0.0005382	-3.707587358	-1.97E-07
-1.393269716	0.001718521	-3.69872637	-2.04E-07
-1.390230434	0.0042384	-3.689865382	-2.12E-07
-1.374921846	0.004278478	-3.681004395	-2.19E-07
-1.375654128	0.001432767	-3.672143407	-2.27E-07
-1.369942746	-0.000726037	-3.66328242	-2.34E-07
-1.356121273	-0.002982429	-3.654421433	-2.42E-07
-1.348477643	0.001595633	-3.645560446	-2.50E-07
-1.344040286	-0.001719029	-3.636699459	-2.58E-07
-1.333670274	0.001513512	-3.627838472	-2.66E-07
-1.333661291	0.004386498	-3.618977485	-2.74E-07
-1.324735406	0.001663141	-3.610116498	-2.82E-07
-1.311589326	8.07E-05	-3.601255511	-2.90E-07
-1.306784308	0.000176378	-3.592394525	-2.98E-07
-1.30095148	0.007509716	-3.583533538	-3.07E-07
-1.291989689	-0.001450387	-3.574672552	-3.15E-07
-1.283603578	0.00292753	-3.565811566	-3.24E-07
-1.27567867	-0.001527752	-3.55695058	-3.33E-07
-1.259384762	-0.004370364	-3.548089594	-3.42E-07
-1.260943953	0.002080112	-3.539228608	-3.51E-07
-1.259329611	0.001575437	-3.530367622	-3.60E-07
-1.243087244	0.000733049	-3.521506637	-3.69E-07
-1.242216811	0.005730751	-3.512645651	-3.78E-07
-1.227493636	-0.005607169	-3.503784666	-3.88E-07
-1.23041809	0.00223112	-3.494923681	-3.97E-07
-1.218006495	-0.001953895	-3.486062696	-4.07E-07
-1.206380252	-0.000752873	-3.477201711	-4.17E-07
-1.205835546	0.0045015	-3.468340726	-4.27E-07
-1.196942554	-0.001201554	-3.459479741	-4.37E-07
-1.183498554	-0.007032537	-3.450618757	-4.47E-07
-1.181609682	0.000490462	-3.441757772	-4.57E-07
-1.178934532	0.001316277	-3.432896788	-4.68E-07
-1.164193909	0.005318364	-3.424035804	-4.78E-07
-1.158247928	-0.004078902	-3.41517482	-4.89E-07
-1.150752356	0.000284847	-3.406313836	-4.99E-07
-1.152187997	-0.005549978	-3.397452853	-5.10E-07
-1.133493386	-0.002175529	-3.388591869	-5.21E-07
-1.1302384	0.000115186	-3.379730886	-5.33E-07
-1.120738517	0.001120365	-3.370869902	-5.44E-07
-1.119152358	-0.004006758	-3.362008919	-5.55E-07
-1.102991787	-0.002581351	-3.353147936	-5.67E-07
-1.101791892	-0.004039316	-3.344286954	-5.79E-07
-1.092909337	-0.001008236	-3.335425971	-5.91E-07
-1.084922867	0.00290633	-3.326564989	-6.03E-07
-1.075205338	0.002788614	-3.317704006	-6.15E-07
-1.069058207	-0.000866753	-3.308843024	-6.27E-07
-1.063112226	-0.000463545	-3.299982042	-6.40E-07
-1.055868577	0.002875264	-3.291121061	-6.52E-07
-1.051220263	0.001568292	-3.282260079	-6.65E-07
-1.042329749	-0.000695821	-3.273399098	-6.78E-07
-1.027111809	0.000503605	-3.264538116	-6.91E-07
-1.025056252	-0.006558217	-3.255677135	-7.04E-07
-1.023112872	0.001066509	-3.246816155	-7.18E-07
-1.009598393	-0.000711087	-3.237955174	-7.31E-07
-1.001264355	0.006863124	-3.229094194	-7.45E-07
-0.993616713	0.001209604	-3.220233213	-7.59E-07
-0.98753632	0.001363884	-3.211372233	-7.73E-07
-0.982838091	-0.000774556	-3.202511253	-7.88E-07
-0.976807105	-0.000625239	-3.193650274	-8.02E-07
-0.970713136	0.002266072	-3.184789294	-8.17E-07
-0.95759505	0.00433208	-3.175928315	-8.32E-07
-0.950718875	0.001829419	-3.167067336	-8.47E-07
-0.939219053	0.003074227	-3.158206357	-8.62E-07
-0.938246617	-0.006470269	-3.149345379	-8.78E-07
-0.934443548	-0.002569864	-3.1404844	-8.93E-07
-0.919258672	0.003208337	-3.131623422	-9.09E-07
-0.920205127	-0.000477055	-3.122762444	-9.25E-07
-0.908451285	-0.000446284	-3.113901467	-9.42E-07
-0.901791648	-0.001158525	-3.105040489	-9.58E-07
-0.884732785	-0.00633017	-3.096179512	-9.75E-07
-0.875855986	-0.003427801	-3.087318535	-9.92E-07
-0.878961425	-0.001312632	-3.078457559	-1.01E-06
-0.869965903	0.001901794	-3.069596582	-1.03E-06
-0.860898187	-0.001746704	-3.060735606	-1.04E-06
-0.859351953	-0.000708366	-3.05187463	-1.06E-06
-0.848981695	0.002541935	-3.043013655	-1.08E-06
-0.852062596	-0.001438529	-3.03415268	-1.10E-06
-0.841743549	-0.003052456	-3.025291705	-1.12E-06
-0.830703173	0.003567433	-3.01643073	-1.14E-06
-0.823435891	-0.002124018	-3.007569755	-1.16E-06
-0.81658897	0.002617045	-2.998708781	-1.18E-06
-0.8105628	-0.000190012	-2.989847808	-1.20E-06
-0.79431573	-0.000480742	-2.980986834	-1.22E-06
-0.789614216	0.001374809	-2.972125861	-1.24E-06
-0.788205664	-0.004636963	-2.963264888	-1.26E-06
-0.777319753	-0.000187313	-2.954403915	-1.28E-06
-0.767968474	0.003181945	-2.945542943	-1.30E-06
-0.764075551	0.005801046	-2.936681971	-1.32E-06
-0.756818825	-0.002904725	-2.927821	-1.34E-06
-0.735960974	-0.002940466	-2.918960029	-1.36E-06
-0.739440553	0.001232034	-2.910099058	-1.39E-06
-0.732380504	0.004008921	-2.901238087	-1.41E-06
-0.720044772	0.006043179	-2.892377117	-1.43E-06
-0.709049656	0.004301054	-2.883516148	-1.46E-06
-0.711713308	0.001014547	-2.874655178	-1.48E-06
-0.706353344	-0.002442853	-2.865794209	-1.50E-06
-0.6885154	0.000129508	-2.856933241	-1.53E-06
-0.689435956	-0.000943491	-2.848072273	-1.55E-06
-0.682070262	-0.001411496	-2.839211305	-1.58E-06
-0.665397917	0.001795001	-2.830350338	-1.60E-06
-0.666864485	-0.004947388	-2.821489371	-1.63E-06
-0.655219421	-0.004061558	-2.812628404	-1.66E-06
-0.651163306	0.006107762	-2.803767438	-1.68E-06
-0.644440007	-0.001100196	-2.794906473	-1.71E-06
-0.642847931	-0.001650835	-2.786045508	-1.74E-06
-0.623109605	-0.002253068	-2.777184543	-1.77E-06
-0.619759393	0.000309511	-2.768323579	-1.79E-06
-0.610335137	0.00283299	-2.759462615	-1.82E-06
-0.602365279	-0.002492687	-2.750601652	-1.85E-06
-0.602419554	-0.002627058	-2.74174069	-1.88E-06
-0.587433716	-0.002389297	-2.732879727	-1.91E-06
-0.580278434	-0.006665963	-2.724018766	-1.94E-06
-0.575195534	0.003140939	-2.715157805	-1.97E-06
-0.566505186	-0.002596267	-2.706296844	-2.01E-06
-0.56469785	0.004044771	-2.697435884	-2.04E-06
-0.55639731	0.001530785	-2.688574924	-2.07E-06
-0.538807295	-0.003112152	-2.679713965	-2.10E-06
-0.540730701	-0.004770216	-2.670853007	-2.14E-06
-0.531002581	-0.002115141	-2.661992049	-2.17E-06
-0.51608194	-0.002170287	-2.653131092	-2.21E-06
-0.512865235	0.001193303	-2.644270136	-2.24E-06
-0.511614478	-0.000406617	-2.63540918	-2.28E-06
-0.500232902	0.010790735	-2.626548224	-2.31E-06
-0.489746266	-0.000358209	-2.61768727	-2.35E-06
-0.494005653	0.003208298	-2.608826316	-2.39E-06
-0.478213635	0.001718247	-2.599965362	-2.43E-06
-0.478479183	0.00532383	-2.59110441	-2.46E-06
-0.464899604	-0.001142411	-2.582243458	-2.50E-06
-0.456622126	0.000736605	-2.573382506	-2.54E-06
-0.452879082	-6.03E-05	-2.564521556	-2.58E-06
-0.443735344	0.000770342	-2.555660606	-2.63E-06
-0.435801523	0.003564516	-2.546799657	-2.67E-06
-0.42689222	-0.005045317	-2.537938709	-2.71E-06
-0.418193242	0.003751746	-2.529077761	-2.75E-06
-0.418905188	-0.003137031	-2.520216814	-2.80E-06
-0.405467177	0.002851356	-2.511355868	-2.84E-06
-0.397158565	0.002359936	-2.502494923	-2.89E-06
-0.392193562	-0.000166865	-2.493633979	-2.93E-06
-0.386332122	0.001285119	-2.484773036	-2.98E-06
-0.376115396	-0.002324039	-2.475912093	-3.03E-06
-0.373016118	0.002373269	-2.467051151	-3.08E-06
-0.363124631	-0.002174129	-2.458190211	-3.13E-06
-0.364766903	0.006923063	-2.449329271	-3.18E-06
-0.34364848	0.00103237	-2.440468332	-3.23E-06
-0.343677286	0.000724386	-2.431607394	-3.28E-06
-0.329102324	0.002130858	-2.422746457	-3.33E-06
-0.32724719	-0.000478625	-2.413885521	-3.39E-06
-0.318882601	-0.001252981	-2.405024586	-3.44E-06
-0.313301267	0.001743757	-2.396163652	-3.50E-06
-0.302210839	0.001471581	-2.387302719	-3.55E-06
-0.29608063	0.004260831	-2.378441787	-3.61E-06
-0.284188667	-0.004757946	-2.369580857	-3.67E-06
-0.282430899	0.003285388	-2.360719927	-3.73E-06
-0.272781563	0.000786171	-2.351858999	-3.79E-06
-0.259008611	-0.006015926	-2.342998072	-3.85E-06
-0.260404741	0.001250302	-2.334137146	-3.91E-06
-0.250707857	-0.000496263	-2.325276221	-3.98E-06
-0.239883839	0.001811585	-2.316415297	-4.04E-06
-0.233525456	-0.001561588	-2.307554375	-4.11E-06
-0.22554597	0.000139827	-2.298693454	-4.17E-06
-0.224728853	0.001343701	-2.289832534	-4.24E-06
-0.21283689	-0.004571147	-2.280971616	-4.31E-06
-0.206890909	-0.00185183	-2.272110699	-4.38E-06
-0.200712266	-0.002733766	-2.263249784	-4.45E-06
-0.194039075	0.006907285	-2.254388869	-4.53E-06
-0.180326767	0.001459946	-2.245527957	-4.60E-06
-0.178257576	-0.000656763	-2.236667046	-4.68E-06
-0.17403088	-0.001590208	-2.227806136	-4.76E-06
-0.157881237	0.001936304	-2.218945228	-4.83E-06
-0.151125433	-0.000178332	-2.210084322	-4.91E-06
-0.151490538	-0.003735311	-2.201223417	-5.00E-06
-0.14288657	-0.006480479	-2.192362514	-5.08E-06
-0.134987221	-0.000929095	-2.183501613	-5.16E-06
-0.129593151	-0.004353215	-2.174640713	-5.25E-06
-0.120822984	-0.010276236	-2.165779815	-5.34E-06
-0.099863244	0.007616581	-2.156918919	-5.43E-06
-0.103002406	-0.001396996	-2.148058025	-5.52E-06
-0.100810293	0.000600618	-2.139197133	-5.61E-06
-0.090966311	0.000682077	-2.130336243	-5.71E-06
-0.086458367	-0.00815938	-2.121475355	-5.80E-06
-0.081859111	-0.000390017	-2.112614469	-5.90E-06
-0.067783558	0.003373237	-2.103753584	-6.00E-06
-0.062004353	0.003666559	-2.094892702	-6.10E-06
-0.061356278	-0.001459812	-2.086031823	-6.21E-06
-0.048466844	0.000963568	-2.077170945	-6.31E-06
-0.052295393	-0.001451455	-2.06831007	-6.42E-06
-0.030693759	-0.005220712	-2.059449197	-6.53E-06
-0.028605547	0.001742594	-2.050588327	-6.64E-06
-0.022565487	0.010739279	-2.041727459	-6.76E-06
-0.014801966	-0.007871138	-2.032866593	-6.88E-06
-0.002341921	0.00192591	-2.02400573	-6.99E-06
0.001193998	0.00032607	-2.01514487	-7.12E-06
0.014585036	-0.00424001	-2.006284012	-7.24E-06
0.022231573	0.002168122	-1.997423157	-7.37E-06
0.028130849	-0.000936548	-1.988562305	-7.49E-06
0.031016336	-0.003845786	-1.979701456	-7.63E-06
0.042486066	-0.003902711	-1.97084061	-7.76E-06
0.052520747	-0.005975834	-1.961979767	-7.90E-06
0.054732271	-0.000727838	-1.953118927	-8.04E-06
0.062402655	-0.000456313	-1.94425809	-8.18E-06
0.068977892	-0.005542664	-1.935397256	-8.32E-06
0.075741075	-0.000736385	-1.926536426	-8.47E-06
0.082584386	-0.005720544	-1.917675599	-8.62E-06
0.096354141	-0.000750731	-1.908814776	-8.78E-06
0.096217971	-0.000555271	-1.899953956	-8.94E-06
0.10521661	-0.000656952	-1.89109314	-9.10E-06
0.113574058	-0.001778501	-1.882232328	-9.26E-06
0.116599876	0.000353648	-1.873371519	-9.43E-06
0.130046014	-0.005453918	-1.864510715	-9.60E-06
0.132030029	0.002277696	-1.855649914	-9.77E-06
0.140999887	0.002301179	-1.846789118	-9.95E-06
0.150749642	-0.002605841	-1.837928326	-1.01E-05
0.156217711	0.005921035	-1.829067538	-1.03E-05
0.161759936	0.002355529	-1.820206755	-1.05E-05
0.176428644	0.002393932	-1.811345976	-1.07E-05
0.176116359	-0.004787458	-1.802485202	-1.09E-05
0.191290988	-0.002820426	-1.793624433	-1.11E-05
0.191542462	-0.000598047	-1.784763669	-1.13E-05
0.200559271	-0.000320029	-1.77590291	-1.15E-05
0.202935047	-0.000775307	-1.767042157	-1.17E-05
0.215641976	0.00427997	-1.758181408	-1.20E-05
0.221219749	0.002511195	-1.749320665	-1.22E-05
0.230354557	0.005537569	-1.740459928	-1.24E-05
0.236768833	0.001109258	-1.731599196	-1.27E-05
0.250722666	0.005740681	-1.722738471	-1.29E-05
0.250451015	0.006830364	-1.713877751	-1.31E-05
0.260237944	0.002613344	-1.705017038	-1.34E-05
0.270494303	0.003102083	-1.696156331	-1.37E-05
0.272817331	0.006460695	-1.687295631	-1.39E-05
0.286625544	0.008628408	-1.678434938	-1.42E-05
0.287842477	0.005251578	-1.669574252	-1.45E-05
0.296880208	0.002269497	-1.660713572	-1.48E-05
0.301663391	-0.000188533	-1.651852901	-1.50E-05
0.309473647	0.011619801	-1.642992236	-1.53E-05
0.321239752	0.009626138	-1.63413158	-1.56E-05
0.327958841	0.005539561	-1.625270931	-1.60E-05
0.325261816	-7.46E-05	-1.616410291	-1.63E-05
0.341637703	0.002314277	-1.607549659	-1.66E-05
0.343775727	0.004003368	-1.598689036	-1.69E-05
0.352426306	0.00260941	-1.589828421	-1.73E-05
0.363923302	0.008830774	-1.580967816	-1.76E-05
0.367254489	0.008839495	-1.57210722	-1.80E-05
0.380763947	0.007525886	-1.563246634	-1.83E-05
0.381761246	0.005517577	-1.554386058	-1.87E-05
0.393653209	0.005958859	-1.545525492	-1.91E-05
0.397034809	0.007980321	-1.536664937	-1.95E-05
0.408543735	0.008648799	-1.527804393	-1.99E-05
0.417437134	0.008722913	-1.51894386	-2.03E-05
0.41878799	0.008767181	-1.510083338	-2.07E-05
0.424982802	0.008105184	-1.501222828	-2.12E-05
0.443929291	0.00904023	-1.492362331	-2.16E-05
0.443328896	0.007859585	-1.483501845	-2.21E-05
0.451748493	0.003179057	-1.474641373	-2.25E-05
0.459059004	0.00626733	-1.465780914	-2.30E-05
0.462807113	0.002376822	-1.456920469	-2.35E-05
0.468859224	0.007153882	-1.448060038	-2.40E-05
0.476896948	0.009126539	-1.439199622	-2.45E-05
0.476896948	0.006151435	-1.430339221	-2.51E-05
0.488213984	0.009141115	-1.421478835	-2.56E-05
0.501714533	0.008130206	-1.412618465	-2.62E-05
0.515910623	0.006345581	-1.403758111	-2.67E-05
0.510598048	0.005346903	-1.394897774	-2.73E-05
0.524556966	0.006157695	-1.386037455	-2.79E-05
0.533245353	0.006128844	-1.377177154	-2.86E-05
0.538256367	0.003317807	-1.368316871	-2.92E-05
0.54516415	0.006287846	-1.359456608	-2.98E-05
0.551145765	0.000324742	-1.350596364	-3.05E-05
0.566086669	0.006614213	-1.341736141	-3.12E-05
0.566128571	0.007361458	-1.332875938	-3.19E-05
0.57259645	0.002682688	-1.324015758	-3.26E-05
0.577978631	0.009074652	-1.3151556	-3.34E-05
0.585850314	-0.004257967	-1.306295464	-3.41E-05
0.596964093	0.001256246	-1.297435353	-3.49E-05
0.598457853	0.003498804	-1.288575267	-3.57E-05
0.604866148	0.006822736	-1.279715206	-3.66E-05
0.616742925	0.000398833	-1.270855171	-3.74E-05
0.620748733	0.006054522	-1.261995163	-3.83E-05
0.632596993	0.008660936	-1.253135183	-3.92E-05
0.634331855	0.00211127	-1.244275233	-4.02E-05
0.643839984	0.006655648	-1.235415312	-4.11E-05
0.653430096	0.003762662	-1.226555423	-4.21E-05
0.662561834	0.001949735	-1.217695565	-4.31E-05
0.665637264	0.003482396	-1.20883574	-4.42E-05
0.673114333	0.006688218	-1.19997595	-4.52E-05
0.677566862	-0.000778367	-1.191116195	-4.63E-05
0.687779523	-0.002213333	-1.182256477	-4.75E-05
0.688768446	-0.000495003	-1.173396797	-4.86E-05
0.693805507	0.00408555	-1.164537156	-4.98E-05
0.708790221	0.003787654	-1.155677555	-5.11E-05
0.723835455	0.000908126	-1.146817996	-5.24E-05
0.726095634	0.001789093	-1.137958481	-5.37E-05
0.726656046	-0.000990421	-1.129099011	-5.50E-05
0.736458795	-0.010051526	-1.120239588	-5.64E-05
0.743946228	-0.000157366	-1.111380213	-5.79E-05
0.750160044	-0.00498103	-1.102520888	-5.94E-05
0.761050092	0.001872035	-1.093661615	-6.09E-05
0.769791575	0.003229149	-1.084802395	-6.25E-05
0.773104207	-0.003102781	-1.075943231	-6.41E-05
0.778792074	-0.001123473	-1.067084125	-6.58E-05
0.789751981	-0.003415109	-1.058225079	-6.75E-05
0.789246102	-0.001956657	-1.049366094	-6.93E-05
0.797807129	-0.003275828	-1.040507174	-7.11E-05
0.813164298	-0.010798473	-1.031648321	-7.30E-05
0.806333821	-0.009449741	-1.022789537	-7.50E-05
0.823765419	0.000154919	-1.013930824	-7.70E-05
0.833998302	-0.007820688	-1.005072186	-7.91E-05
0.838268307	0.000429443	-0.996213626	-8.13E-05
0.845547793	-0.010537827	-0.987355146	-8.35E-05
0.851493774	-0.004886216	-0.978496749	-8.58E-05
0.859804314	-0.00497574	-0.969638439	-8.82E-05
0.86485125	-0.005219173	-0.960780219	-9.07E-05
0.8752777	-0.004838188	-0.951922093	-9.32E-05
0.877578748	-0.006513445	-0.943064062	-9.58E-05
0.884632428	-0.001428956	-0.934206134	-9.86E-05
0.888360416	-0.010184935	-0.92534831	-0.000101369
0.897182676	-0.009461424	-0.916490594	-0.000104274
0.910986529	-0.006010844	-0.907632993	-0.00010728
0.910953588	-0.010458904	-0.898775509	-0.000110389
0.925883148	-0.013481941	-0.889918148	-0.000113606
0.932734694	-0.013830237	-0.881060914	-0.000116934
0.944078454	-0.009079523	-0.872203813	-0.00012038
0.946629476	-0.007481645	-0.86334685	-0.000123946
0.952791653	-0.006036577	-0.854490031	-0.000127639
0.958313179	-0.011638987	-0.845633362	-0.000131463
0.966805495	-0.012214013	-0.836776848	-0.000135424
0.968468783	-0.011590379	-0.827920497	-0.000139528
0.976359383	-0.007268677	-0.819064314	-0.000143778
0.983200975	-0.009426823	-0.810208309	-0.000148184
0.99812463	-0.008911065	-0.801352485	-0.000152749
1.006584736	-0.008089089	-0.792496855	-0.000157484
1.015108467	-0.004047654	-0.783641422	-0.00016239
1.017981252	-0.009884184	-0.774786198	-0.000167481
1.02379426	-0.008845078	-0.765931191	-0.000172759
1.028702986	-0.012149515	-0.757076409	-0.000178236
1.044554158	-0.007185797	-0.748221864	-0.000183919
1.044506425	-0.013171385	-0.739367565	-0.000189815
1.050645013	-0.010141385	-0.730513523	-0.000195937
1.060923995	-0.013192627	-0.721659746	-0.000202289
1.068291028	-0.009889475	-0.712806253	-0.000208888
1.077380353	-0.007058486	-0.703953049	-0.000215739
1.086409697	-0.013061682	-0.695100152	-0.000222857
1.089517892	-0.014842986	-0.686247573	-0.000230251
1.100946674	-0.011624761	-0.677395325	-0.000237934
1.099416087	-0.011374237	-0.668543429	-0.000245921
1.110014966	-0.010001199	-0.659691893	-0.000254221
1.125885133	-0.009564557	-0.650840738	-0.000262851
1.128024845	-0.007006752	-0.641989981	-0.000271823
1.133836378	-0.007050399	-0.633139636	-0.000281156
1.142768783	-0.005282305	-0.624289726	-0.000290862
1.142855792	-0.007293931	-0.615440272	-0.000300962
1.157190456	-0.011796763	-0.606591291	-0.000311471
1.157562962	-0.006929422	-0.59774281	-0.000322411
1.160615523	-0.008600628	-0.588894844	-0.000333796
1.178385224	-0.008749236	-0.580047428	-0.000345652
1.181806236	-0.010015727	-0.571200576	-0.000357995
1.192220757	-0.008728257	-0.562354326	-0.000370853
1.19928469	-0.003970497	-0.553508696	-0.000384244
1.203016101	-0.005988485	-0.544663718	-0.000398194
1.213953586	-0.008253211	-0.535819434	-0.000412735
1.220339997	-0.008556845	-0.526975855	-0.000427882
1.2260906	-0.006750016	-0.518133037	-0.000443679
1.241011577	-0.009774645	-0.509291	-0.000460139
1.242031564	-0.004660442	-0.500449793	-0.000477308
1.249008574	-0.005913393	-0.491609448	-0.000495208
1.25776817	-0.007133589	-0.48277001	-0.000513879
1.262624898	-0.005709746	-0.473931524	-0.000533355
1.270439436	-0.003492854	-0.465094033	-0.000553672
1.28257209	-0.000656166	-0.456257584	-0.000574874
1.289410158	-0.008477885	-0.447422235	-0.000596996
1.303611174	-0.006547067	-0.438588032	-0.000620088
1.300182388	-0.000610063	-0.429755024	-0.000644184
1.30936459	-0.000415281	-0.42092329	-0.000669346
1.318375139	-0.003513728	-0.412092868	-0.000695605
1.322993955	0.00179668	-0.403263853	-0.000723035
1.325313913	-0.002649951	-0.394436281	-0.000751667
1.337699658	-0.004069169	-0.385610249	-0.000781577
1.350949082	-0.000281397	-0.376785821	-0.000812808
1.354219888	-0.002600371	-0.367963061	-0.000845424
1.357769008	0.001242399	-0.359142071	-0.000879496
1.366844279	-0.004241272	-0.350322921	-0.00091507
1.377512977	-0.006353592	-0.341505714	-0.000952237
1.383248448	0.004337832	-0.332690534	-0.000991045
1.389520648	0.004509584	-0.323877495	-0.001031593
1.401415524	0.004515348	-0.315066647	-0.00107392
1.407809221	0.005617686	-0.306258169	-0.00111814
1.414531603	-0.002429934	-0.297452108	-0.001164289
1.419291106	-0.003378427	-0.288648604	-0.00121248
1.425150448	0.000339905	-0.279847774	-0.001262775
1.434678821	0.000822043	-0.271049719	-0.001315251
1.445911873	0.00170431	-0.262254549	-0.00136999
1.448558596	0.000601762	-0.253462405	-0.001427048
1.461061565	-0.003362963	-0.244673431	-0.001486539
1.465499075	-0.006280585	-0.235887669	-0.001548474
1.469042415	0.000518117	-0.227105331	-0.001612982
1.472977988	0.001619606	-0.218326448	-0.001680043
1.484874743	-0.000105464	-0.209551181	-0.001749763
1.492814142	-0.000884388	-0.200779566	-0.001822116
1.49637059	-9.64E-05	-0.19201176	-0.001897155
1.502641371	-8.00E-05	-0.183247772	-0.001974832
1.514566987	-0.002758758	-0.174487658	-0.002055123
1.521285256	0.003892648	-0.165731436	-0.00213796
1.531238906	-0.001168656	-0.1569791	-0.002223214
1.538059488	-0.002954098	-0.148230608	-0.002310776
1.540367093	-0.005302775	-0.139485804	-0.002400388
1.547173594	3.66E-05	-0.130744617	-0.002491864
1.562157205	-0.002803377	-0.122006736	-0.002584813
1.564953442	-0.007524972	-0.113271984	-0.002678913
1.572357807	8.42E-05	-0.104539931	-0.002773635
1.580688633	-0.003916448	-0.095810181	-0.002868498
1.581576284	-0.003466268	-0.087082182	-0.002962825
1.597802261	0.000169106	-0.078355352	-0.003055949
1.595984095	-0.001061448	-0.069628954	-0.003147057
1.603712204	-0.00018385	-0.060902244	-0.003235308
1.612579389	0.000207793	-0.05217433	-0.00331976
1.621994045	-0.001173707	-0.043444297	-0.003399449
1.630417333	-0.002490358	-0.034711144	-0.003473343
1.637168211	-0.004472193	-0.025973856	-0.003540398
1.644365519	-0.001328939	-0.017231353	-0.003599554
1.657123698	-0.00266238	-0.008482557	-0.003649776
1.662968446	-0.002625374	0.000273654	-0.003690077
1.664570259	-0.002945443	0.009038358	-0.003719504
1.675836715	-0.007522871	0.017812281	-0.003736828
1.676661235	-0.007946791	0.026596732	-0.00374151
1.683716553	-0.005946237	0.035392573	-0.003732721
1.695164206	-0.003759017	0.044200629	-0.003709749
1.698932461	-0.008416203	0.053021654	-0.003672006
1.7052214	-0.006233182	0.061856327	-0.00361901
1.713572851	-0.005478386	0.070705211	-0.003550401
1.721641809	-0.007480175	0.079568781	-0.003465919
1.732914407	-0.008596074	0.088447384	-0.00336543
1.734257075	-0.011365618	0.097341249	-0.003248916
1.737444998	-0.008260807	0.106250511	-0.00311645
1.751865297	-0.008298283	0.115175158	-0.002968266
1.749070943	-0.014570501	0.12411511	-0.002804631
1.761430382	-0.011294478	0.13307008	-0.002625999
1.773120886	-0.008411717	0.142039768	-0.00243281
1.779066867	-0.011248306	0.151023693	-0.002225701
1.788196867	-0.005278422	0.160021364	-0.002005293
1.796043116	-0.010223343	0.169032115	-0.001772351
1.795560111	-0.011625387	0.178055216	-0.001527658
1.811735389	-0.010980242	0.1870899	-0.001272067
1.817856096	-0.00832592	0.196135286	-0.001006512
1.81765083	-0.017093274	0.20519046	-0.000731903
1.826634718	-0.014184824	0.214254367	-0.000449303
1.838608429	-0.012711633	0.223326076	-0.000159673
1.84739421	-0.016822549	0.232404391	0.000135854
1.848502342	-0.009241328	0.241488276	0.000436263
1.855339754	-0.014915151	0.25057655	0.000740384
1.866506568	-0.012378372	0.259668063	0.001047159
1.870063501	-0.013052909	0.268761592	0.001355394
1.874285798	-0.01540003	0.277856027	0.00166401
1.889050237	-0.013728218	0.286950095	0.001971801
1.894202733	-0.011337885	0.296042674	0.002277679
1.899177283	-0.014623214	0.305132562	0.002580441
1.901527111	-0.016873686	0.314218628	0.002879004
1.910095904	-0.021110847	0.323299697	0.003172176
1.920978515	-0.013867843	0.33237474	0.003458891
1.928063942	-0.013838145	0.341442642	0.003737997
1.934513575	-0.015867031	0.35050241	0.004008416
1.945554346	-0.013642752	0.359553097	0.004269078
1.951545397	-0.013766595	0.368593793	0.004518917
1.954924054	-0.016733893	0.377623684	0.004756928
1.96647861	-0.016703643	0.386641976	0.004982066
1.972487774	-0.01400005	0.395648015	0.005193366
1.983951461	-0.019538247	0.404641238	0.005389899
1.985256763	-0.014478636	0.413621107	0.005570717
1.995105866	-0.016184297	0.422587247	0.00573494
1.998952996	-0.016618625	0.431539398	0.00588173
2.00774745	-0.013512749	0.4404774	0.006010267
2.016906122	-0.016571624	0.449401222	0.006119771
2.021745422	-0.008211383	0.45831098	0.006209514
2.03171815	-0.016532846	0.467206934	0.006278814
2.043529746	-0.016501923	0.476089496	0.006327029
2.045895871	-0.015613463	0.484959229	0.006353553
2.051667793	-0.015644686	0.493816872	0.00635784
2.055342884	-0.013468244	0.502663342	0.006339393
2.070419954	-0.016475662	0.511499735	0.006297774
2.078335454	-0.018260932	0.520327326	0.006232596
2.078348961	-0.016464208	0.529147585	0.006143534
2.082072006	-0.018066857	0.537962176	0.006030325
2.095038285	-0.012781836	0.546772944	0.005892769
2.102858143	-0.016346602	0.555581926	0.005730736
2.114032035	-0.013988531	0.564391333	0.005544161
2.119127746	-0.012889206	0.573203546	0.005333056
2.123933787	-0.013560164	0.582021112	0.005097517
2.135825749	-0.016269124	0.590846774	0.004837724
2.140714759	-0.014791003	0.599683531	0.004553936
2.150900697	-0.013107521	0.608534956	0.00424651
2.147717712	-0.016229159	0.617406328	0.003915907
2.160136384	-0.018503121	0.626305785	0.003562688
2.173357337	-0.016363952	0.635173298	0.003191042
2.174236182	-0.016159734	0.644052347	0.002799281
2.186466902	-0.012935567	0.652944913	0.002388353
2.18309827	-0.010190552	0.661852684	0.001959297
2.193392578	-0.012335618	0.67077699	0.001513252
2.201231544	-0.016467251	0.679718726	0.00105145
2.214830736	-0.015689708	0.688678313	0.000575217
2.221857849	-0.013341468	0.697655632	8.60E-05
2.226689158	-0.015966733	0.706650014	-0.000414804
2.23690813	-0.01441041	0.715660209	-0.000925517
2.245786841	-0.013211274	0.724684413	-0.001444523
2.246726405	-0.011888003	0.733720298	-0.001970113
2.260691358	-0.015933394	0.742765081	-0.002500525
2.262545034	-0.014075526	0.751815607	-0.003033958
2.272583321	-0.00995628	0.760868469	-0.003568586
2.278529302	-0.01319819	0.769920124	-0.004102567
2.288691864	-0.010147376	0.778967039	-0.004634062
2.298083055	-0.012463546	0.788005819	-0.005161244
2.305236713	-0.006930771	0.797033337	-0.005682319
2.308598826	-0.01160796	0.806046848	-0.006195531
2.316771053	-0.005210151	0.815044083	-0.006699178
2.326278278	-0.011207339	0.824023311	-0.007191625
2.324831572	-0.007484659	0.832983382	-0.007671307
2.332159234	-0.009915733	0.841923739	-0.008136742
2.34765417	-0.008119101	0.85084441	-0.008586537
2.355269986	-0.01037784	0.859745971	-0.009019389
2.360266291	-0.012328558	0.868629505	-0.00943409
2.368246154	-0.012117032	0.877496533	-0.009829531
2.375110845	-0.013083451	0.886348954	-0.010204699
2.380462693	-0.009008592	0.895188968	-0.01055868
2.389246367	-0.002105043	0.904019012	-0.010890656
2.397608863	-0.015475479	0.91286705	-0.011201423
2.401081986	-0.008378981	0.921694079	-0.011487976
2.411193374	-0.009834324	0.930506496	-0.011749892
2.415708127	-0.010089147	0.939308345	-0.011986847
2.423841427	-0.009560286	0.948102925	-0.012198609
2.436011986	-0.012598324	0.956893179	-0.01238503
2.440354299	-0.006556886	0.965681881	-0.012546044
2.444495247	-0.004462063	0.974471617	-0.012681661
2.459977983	-0.009465681	0.983264772	-0.012791963
2.46838416	-0.004816717	0.992063546	-0.012877101
2.471561519	-0.007245987	1.000869936	-0.012937289
2.477742361	-0.012256911	1.009685736	-0.012972804
2.478326943	-0.008517772	1.018512538	-0.012983981
2.489515957	-0.012054037	1.027351735	-0.01297121
2.498247376	-0.006200268	1.036204524	-0.012934934
2.504632517	-0.00937848	1.045071911	-0.012875649
2.512118121	-0.009204097	1.053954718	-0.012793897
2.519489685	-0.009309879	1.062853595	-0.012690267
2.528560466	-0.009286132	1.07176902	-0.012565391
2.539791424	-0.00323065	1.080701313	-0.012419946
2.542668883	-0.014579683	1.089650643	-0.012254649
2.548650258	-0.009233537	1.098617038	-0.012070255
2.557990426	-0.009209084	1.107600393	-0.011867555
2.564674217	-0.009842721	1.116600477	-0.011647377
2.573280942	-0.007969085	1.125616944	-0.011410582
2.578854498	-0.006338497	1.134649338	-0.011158062
2.584680333	-0.006402532	1.143697106	-0.010890739
2.596669991	-0.00949869	1.1527596	-0.010609563
2.595752653	-0.009227503	1.161836087	-0.010315511
2.606285049	-0.014219015	1.170925759	-0.010009583
2.614503438	-0.006260088	1.180027735	-0.009692804
2.620307384	-0.011800032	1.189141075	-0.009366217
2.629342203	-0.009022285	1.198264779	-0.009030883
2.641234166	-0.008991152	1.207397797	-0.008687882
2.644127893	-0.009056149	1.216539038	-0.008338309
2.647050223	-0.010376325	1.225687373	-0.007983268
2.657148446	-0.012923339	1.234841643	-0.007623877
2.66938526	-0.014764475	1.244000662	-0.00726126
2.674283441	-0.011914894	1.25316323	-0.006896548
2.679221497	-0.010207843	1.26232813	-0.006530879
2.691767046	-0.008632764	1.271494141	-0.006165387
2.691701385	-0.011828484	1.28066004	-0.005801212
2.697750049	-0.011850218	1.289824613	-0.005439486
2.706538231	-0.014618163	1.298986651	-0.005081342
2.720927821	-0.009781225	1.308144969	-0.004727903
2.721701746	-0.012142923	1.317298401	-0.004380283
2.727462269	-0.008772373	1.326445811	-0.004039586
2.734983967	-0.014601034	1.335586099	-0.003706904
2.74381008	-0.012099781	1.344718209	-0.003383312
2.752077456	-0.016739367	1.353841128	-0.003069869
2.757269456	-0.008687372	1.362953901	-0.002767613
2.765971395	-0.01463359	1.372055632	-0.002477563
2.772539794	-0.014089746	1.381145496	-0.002200713
2.774338394	-0.019570787	1.390222739	-0.001938032
2.787066356	-0.014252854	1.399286689	-0.001690461
2.791811802	-0.016658625	1.408336765	-0.001458912
2.801405059	-0.017495716	1.417372479	-0.001244268
2.805784959	-0.011707056	1.426393448	-0.001047376
2.816444336	-0.01574939	1.435399399	-0.000869049
2.819613607	-0.023308143	1.444390179	-0.000710062
2.831505569	-0.017301003	1.45336576	-0.000571155
2.834467235	-0.014431249	1.462326249	-0.000453022
2.842777715	-0.019615318	1.471271894	-0.000356318
2.852348171	-0.017306824	1.480203093	-0.000281651
2.855289495	-0.02323815	1.489120401	-0.000229585
2.866176015	-0.022506571	1.498024537	-0.000200634
2.872829393	-0.018386535	1.506916387	-0.000195258
2.885019402	-0.023179254	1.515797016	-0.00021387
2.888905247	-0.017965604	1.524667667	-0.000256821
2.890028403	-0.019194346	1.533529763	-0.000324407
2.902857346	-0.017408916	1.542384915	-0.000416863
2.910386232	-0.013848755	1.55123491	-0.00053436
2.913826425	-0.020008412	1.560081718	-0.000677001
2.916565634	-0.020194068	1.568927478	-0.00084482
2.92832351	-0.016654266	1.577774485	-0.001037775
2.935783693	-0.023202971	1.586625195	-0.001255748
2.948673198	-0.01623641	1.595482214	-0.001498539
2.950324663	-0.017078869	1.604348265	-0.001765861
2.956223257	-0.021473452	1.613226386	-0.002057336
2.965027019	-0.017192037	1.622120317	-0.002372488
2.971323698	-0.026339	1.631036037	-0.002710737
2.974209122	-0.020011386	1.639935644	-0.003067746
2.980261746	-0.019986788	1.648845031	-0.003445371
2.992361142	-0.01836239	1.657766154	-0.003842655
3.001069124	-0.022841911	1.66670069	-0.00425854
3.006177264	-0.024370515	1.67564998	-0.004691878
3.011847041	-0.023863509	1.684614962	-0.005141425
3.024696768	-0.0197299	1.69359612	-0.005605844
3.024861458	-0.022770507	1.70259344	-0.006083712
3.036028013	-0.019849544	1.711606381	-0.006573521
3.042583525	-0.022733563	1.720633861	-0.007073687
3.055662741	-0.019723518	1.729674269	-0.007582555
3.055399611	-0.019309669	1.738725501	-0.008098408
3.064218951	-0.021370717	1.747785015	-0.00861948
3.072410663	-0.022925197	1.756849917	-0.009143963
3.081236787	-0.022696056	1.765917058	-0.009670025
3.08868981	-0.024482967	1.774983155	-0.010195819
3.093128749	-0.016656354	1.784044917	-0.010719497
3.099989365	-0.021612701	1.793099169	-0.011239227
3.110966693	-0.022415037	1.802142978	-0.011753204
3.118942828	-0.017577487	1.811173754	-0.012259663
3.123148597	-0.022115705	1.820189346	-0.01275689
3.128804638	-0.022389876	1.829188103	-0.013243238
3.134750619	-0.016607307	1.838168916	-0.013717127
3.137839792	-0.019583001	1.847131236	-0.014177062
3.150662204	-0.017404143	1.856075065	-0.014621633
3.161580901	-0.019244819	1.865000933	-0.01504952
3.170426507	-0.019497689	1.873909849	-0.0154595
3.176709096	-0.02068587	1.882803252	-0.015850446
3.18231847	-0.025311635	1.891682945	-0.016221328
3.189226072	-0.021740187	1.900551029	-0.016571215
3.200458267	-0.025365047	1.909442187	-0.016902437
3.205644628	-0.023383074	1.918307416	-0.017210198
3.21500177	-0.019294158	1.927155172	-0.017493957
3.224132299	-0.019170484	1.935989465	-0.017753278
3.22809074	-0.023271052	1.944813821	-0.017987823
3.229986344	-0.019454747	1.953631319	-0.018197341
3.242817943	-0.015745613	1.962444805	-0.018381673
3.250601629	-0.022316411	1.971256937	-0.018540739
3.247724265	-0.019295324	1.980070217	-0.018674536
3.263632046	-0.021278438	1.98888697	-0.018783135
3.269006331	-0.019239607	1.997709337	-0.018866678
3.272215888	-0.018459306	2.006539269	-0.018925369
3.28323089	-0.016314673	2.015378521	-0.018959478
3.297549881	-0.020098568	2.024228654	-0.018969331
3.298166655	-0.013027097	2.033091035	-0.018955313
3.31313006	-0.01317811	2.041966839	-0.018917863
3.317585995	-0.018945324	2.050857057	-0.01885747
3.322272204	-0.016020881	2.0597625	-0.018774672
3.33084373	-0.013014578	2.068683806	-0.018670055
3.336908933	-0.012869612	2.077621449	-0.01854425
3.345684613	-0.022024656	2.086575745	-0.01839793
3.350001315	-0.016385606	2.095546863	-0.018231811
3.360294977	-0.020636711	2.104534831	-0.018046646
3.366684389	-0.017447724	2.113539545	-0.017843225
3.372858229	-0.017091764	2.122560778	-0.017622377
3.382482868	-0.015133657	2.131598187	-0.017384962
3.382371564	-0.015001472	2.140651323	-0.017131872
3.39613773	-0.014218403	2.149719637	-0.016864029
3.400423845	-0.010857576	2.158802487	-0.016582384
3.408265762	-0.012929045	2.16789915	-0.016287915
3.411162884	-0.012821935	2.177008823	-0.015981624
3.426103706	-0.016036534	2.186130634	-0.015664534
3.429308981	-0.012873954	2.195263649	-0.015337691
3.435970405	-0.014549113	2.204406878	-0.015002158
3.443968373	-0.012835575	2.213559279	-0.014659016
3.456489582	-0.01435335	2.222719771	-0.014309359
3.462899862	-0.015269402	2.231887233	-0.013954296
3.471420597	-0.014133631	2.241060514	-0.013594943
3.479617538	-0.021689498	2.25023844	-0.013232428
3.48556352	-0.01573898	2.259419819	-0.012867883
3.486540829	-0.010189973	2.268603443	-0.012502444
3.495437795	-0.014820598	2.277788102	-0.01213725
3.501955531	-0.014503158	2.286972584	-0.011773439
3.507541563	-0.012089148	2.296155682	-0.011412146
3.515293426	-0.012648846	2.305336202	-0.011054504
3.53313137	-0.009614705	2.314512966	-0.010701635
3.534162728	-0.013519509	2.323684819	-0.010354656
3.544926336	-0.008994256	2.332850637	-0.01001467
3.547454402	-0.013873078	2.342009332	-0.009682768
3.556915296	-0.015682996	2.351159855	-0.009360026
3.560080114	-0.018477576	2.360301209	-0.009047502
3.568764476	-0.012507889	2.369432447	-0.008746233
3.576789981	-0.010475077	2.378552688	-0.008457237
3.580442809	-0.018424267	2.387661113	-0.008181507
3.589504562	-0.021437512	2.396756982	-0.007920009
3.6018765	-0.015306507	2.405839635	-0.007673683
3.606939008	-0.013426348	2.414908498	-0.007443439
3.610429128	-0.015058434	2.423963095	-0.007230156
3.619282349	-0.018322585	2.433003053	-0.007034678
3.626825214	-0.012127538	2.442028108	-0.006857814
3.637239765	-0.015010397	2.451038112	-0.006700336
3.637299038	-0.015044215	2.460033046	-0.006562976
3.651023533	-0.016682967	2.46901302	-0.006446426
3.649168833	-0.018085778	2.477978287	-0.006351333
3.661156464	-0.021106018	2.486929244	-0.0062783
3.66791253	-0.018145386	2.495866445	-0.006227882
3.678868181	-0.018166589	2.504790602	-0.006200584
3.684066108	-0.017373031	2.513702594	-0.006196862
3.687041111	-0.018591153	2.522603471	-0.006217114
3.699618849	-0.018112264	2.531494456	-0.006261684
3.705485268	-0.020877701	2.540376951	-0.006330856
3.711870953	-0.016175627	2.549252531	-0.006424852
3.718886317	-0.015977982	2.558122947	-0.006543831
3.727609511	-0.02001196	2.566990119	-0.006687882
3.733305984	-0.020001687	2.575856125	-0.006857024
3.744427736	-0.02112672	2.584723194	-0.007051199
3.745530603	-0.01793926	2.593593695	-0.007270273
3.753132681	-0.023918146	2.602470105	-0.007514028
3.757212992	-0.0217019	2.611355046	-0.007782158
3.773751013	-0.020817047	2.620251323	-0.008074269
3.785414806	-0.023833631	2.629162145	-0.008389866
3.782862588	-0.026480573	2.638091079	-0.008728356
3.792378002	-0.020691637	2.647045863	-0.009089028
3.796804152	-0.01944164	2.655977423	-0.009466407
3.803591927	-0.026695442	2.664919817	-0.009863241
3.811492419	-0.022606041	2.67387461	-0.010278458
3.824484457	-0.026824144	2.682843038	-0.010710893
3.825147688	-0.023772088	2.691825947	-0.011159288
3.832420674	-0.019853872	2.700823746	-0.011622293
3.842322402	-0.029630629	2.709836369	-0.012098475
3.842356252	-0.019255559	2.71886325	-0.012586317
3.857098131	-0.029620814	2.727903318	-0.013084225
3.866106327	-0.026452127	2.736955011	-0.013590542
3.865703596	-0.026425995	2.746016311	-0.014103549
3.877508436	-0.023709256	2.755084805	-0.01462148
3.881274472	-0.026168531	2.764157764	-0.015142532
3.888286093	-0.023608088	2.773232242	-0.015664878
3.895836234	-0.020878844	2.782305185	-0.016186679
3.904111115	-0.028239485	2.791373549	-0.0167061
3.910959938	-0.029266818	2.800434419	-0.017221321
3.922796279	-0.023436358	2.809485121	-0.01773055
3.925566141	-0.029412696	2.818523315	-0.018232039
3.936544527	-0.025814053	2.827547083	-0.01872409
3.943204773	-0.023420537	2.836554978	-0.01920507
3.944039605	-0.027391452	2.84554607	-0.019673421
3.95061494	-0.025564635	2.854519951	-0.020127661
3.957565987	-0.024266219	2.86347673	-0.020566396
3.968038225	-0.030231857	2.872417007	-0.020988323
3.974224733	-0.030131718	2.881341831	-0.021392234
3.982482662	-0.02244592	2.890252647	-0.021777015
3.98822879	-0.026050078	2.89915124	-0.022141651
4.000013463	-0.029443097	2.908075033	-0.02248899
4.002863898	-0.032421733	2.91697111	-0.022813544
4.011671047	-0.032311968	2.925848189	-0.023114679
4.020701843	-0.026132079	2.934710257	-0.023391869
4.026782946	-0.021391652	2.943560848	-0.023644687
4.033950703	-0.023228003	2.952403018	-0.023872805
4.035592031	-0.026144131	2.961239555	-0.024075981
4.050431749	-0.026685252	2.970073133	-0.024254064
4.05456268	-0.02942543	2.97890628	-0.024406981
4.054956275	-0.031683138	2.987741371	-0.024534739
4.073267583	-0.024531676	2.996580614	-0.024637414
4.080183491	-0.024623275	3.005426044	-0.024715155
4.080161656	-0.029007965	3.01427951	-0.024768174
4.090283855	-0.026700745	3.023142678	-0.024796748
4.096183767	-0.025076862	3.032017025	-0.02480121
4.107194766	-0.028937193	3.040903838	-0.024781952
4.114575478	-0.029040939	3.049804225	-0.024739419
4.121783526	-0.028286398	3.05871911	-0.02467411
4.127835669	-0.025908544	3.067649248	-0.024586569
4.131736612	-0.029295266	3.076595224	-0.02447739
4.1466997	-0.027949282	3.085557464	-0.024347211
4.14862236	-0.031722081	3.094536242	-0.024196715
4.160309837	-0.029284644	3.103531689	-0.024026622
4.16292162	-0.026504266	3.112543798	-0.023837696
4.170726782	-0.022041242	3.121572435	-0.023630734
4.180979638	-0.027082211	3.130617347	-0.023406571
4.187189321	-0.022459195	3.139678166	-0.023166075
4.193517912	-0.028666182	3.148754423	-0.022910146
4.208056154	-0.022727156	3.157845551	-0.022639714
4.210973246	-0.028665501	3.166950894	-0.022355736
4.210965785	-0.028742899	3.176069714	-0.022059196
4.225697078	-0.024612362	3.185201197	-0.021751103
4.237718786	-0.022285763	3.194344466	-0.021432486
4.240786991	-0.028587448	3.203498577	-0.021104397
4.246646418	-0.025698775	3.212662537	-0.020767904
4.250428593	-0.026580306	3.221835301	-0.020424093
4.255760088	-0.027816879	3.231015787	-0.020074064
4.270751689	-0.021133837	3.240202876	-0.019718927
4.274902363	-0.022701737	3.249395418	-0.019359804
4.280354957	-0.02447786	3.258592245	-0.018997825
4.289410618	-0.029629594	3.267792168	-0.018634124
4.300162967	-0.019632114	3.276993989	-0.01826984
4.303748783	-0.021347168	3.286196507	-0.017906113
4.313463361	-0.02242515	3.29539852	-0.017544081
4.318000911	-0.025894523	3.304598834	-0.01718488
4.325812492	-0.020336158	3.313796267	-0.016829642
4.329892874	-0.024844893	3.322989657	-0.016479488
4.342048073	-0.024892875	3.332177868	-0.016135532
4.353676799	-0.025790585	3.341359794	-0.015798875
4.353676799	-0.019063908	3.350534364	-0.015470606
4.362684587	-0.019326896	3.359700555	-0.015151795
4.368731813	-0.022306507	3.36885739	-0.014843495
4.377388239	-0.022520597	3.378003949	-0.01454674
4.383406706	-0.022268089	3.387139375	-0.014262539
4.392509287	-0.01923815	3.39626288	-0.013991879
4.404109941	-0.019321941	3.405373751	-0.013735718
4.413136613	-0.018734315	3.414471358	-0.013494987
4.413051102	-0.020113966	3.423555161	-0.013270587
4.41597918	-0.025181139	3.432624717	-0.013063385
4.42792728	-0.019056531	3.441679685	-0.012874215
4.431470007	-0.018693373	3.450719837	-0.012703873
4.445990011	-0.019193817	3.459745063	-0.012553118
4.449928207	-0.020706732	3.468755378	-0.012422668
4.456677323	-0.019725915	3.47775093	-0.0123132
4.469757724	-0.019129239	3.486732005	-0.012225343
4.475608051	-0.019164621	3.495699039	-0.012159684
4.479617062	-0.018435085	3.504652618	-0.012116759
4.483166602	-0.016472433	3.513593486	-0.012097053
4.49043437	-0.02198789	3.522522552	-0.012101
4.502442923	-0.023225953	3.531440891	-0.012128977
4.511157139	-0.015757569	3.540349749	-0.012181302
4.511886731	-0.023208224	3.54925054	-0.012258236
4.521150928	-0.022895863	3.558144849	-0.012359973
4.529018409	-0.016274191	3.567034427	-0.012486642
4.534994953	-0.018928125	3.57592118	-0.012638302
4.543455585	-0.016476979	3.584807164	-0.012814941
4.548070834	-0.021919415	3.59369457	-0.013016467
4.564060699	-0.023692718	3.60258571	-0.01324271
4.565993572	-0.017844494	3.611482984	-0.013493415
4.57543571	-0.019577127	3.62038891	-0.013768238
4.579578063	-0.021851704	3.629306142	-0.014066742
4.588192701	-0.022826803	3.638237354	-0.014388394
4.591702854	-0.021505423	3.647186164	-0.014732555
4.600451544	-0.015753884	3.656158389	-0.015098476
4.607987743	-0.025230712	3.66511321	-0.0154806
4.618304773	-0.021653125	3.674078422	-0.015881716
4.625130741	-0.020916689	3.68305542	-0.016300715
4.628812358	-0.021555503	3.69204526	-0.016736397
4.638443552	-0.019855932	3.701048612	-0.017187469
4.646547421	-0.023690627	3.710065714	-0.017652549
4.650975867	-0.027513574	3.719096347	-0.018130174
4.657623352	-0.017976602	3.728139815	-0.018618802
4.659535659	-0.021004537	3.737194951	-0.019116818
4.674916098	-0.024409055	3.746260137	-0.019622546
4.680722462	-0.021518901	3.755333351	-0.020134254
4.692593442	-0.020971089	3.764412224	-0.02065017
4.694645773	-0.0254802	3.773494129	-0.021168487
4.701580036	-0.022031293	3.782576274	-0.021687382
4.707443747	-0.027365741	3.791655811	-0.022205025
4.717277792	-0.025091221	3.800729942	-0.022719594
4.722896951	-0.02214824	3.809796035	-0.023229287
4.728011884	-0.025696982	3.818851717	-0.023732337
4.733983373	-0.024408768	3.827894962	-0.02422702
4.748218724	-0.023149111	3.83692416	-0.024711671
4.752057551	-0.024384074	3.845938164	-0.025184688
4.763949513	-0.027217809	3.854936315	-0.025644546
4.768030665	-0.023396477	3.863918448	-0.0260898
4.772861149	-0.027339898	3.872884878	-0.026519094
4.784708097	-0.024175004	3.88183637	-0.02693116
4.786541674	-0.028335681	3.8907741	-0.027324828
4.794013457	-0.027490175	3.8996996	-0.02769902
4.805571383	-0.033054824	3.908647955	-0.028056835
4.808380021	-0.024092758	3.917569256	-0.028392437
4.817953974	-0.030832041	3.926471437	-0.028705122
4.828053377	-0.030429201	3.935358074	-0.028994296
4.828206825	-0.028092437	3.944232519	-0.029259468
4.842448354	-0.030398669	3.953097712	-0.029500244
4.843003457	-0.024857659	3.961956359	-0.029716328
4.852804161	-0.025410497	3.970811085	-0.029907507
4.855665234	-0.025717558	3.979664395	-0.030073658
4.863492295	-0.026896745	3.988518661	-0.030214734
4.870972462	-0.029833308	3.997376106	-0.030330765
4.882869141	-0.035761281	4.006238797	-0.030421854
4.886041394	-0.035841385	4.015108627	-0.03048817
4.894340032	-0.031224955	4.023987315	-0.030529948
4.904435436	-0.027584171	4.032876396	-0.030547486
4.909991093	-0.032781453	4.041777228	-0.030541138
4.914525936	-0.03099647	4.050690986	-0.030511316
4.930436992	-0.032727926	4.059618669	-0.030458486
4.928204591	-0.027580775	4.068561103	-0.030383162
4.940782968	-0.037028043	4.077518949	-0.030285911
4.948274936	-0.026735245	4.086492706	-0.030167343
4.954220917	-0.03266566	4.095482721	-0.030028115
4.960227702	-0.033018948	4.104489195	-0.029868925
4.967730749	-0.034586179	4.113512189	-0.029690512
4.975329923	-0.038644373	4.122551637	-0.029493656
4.982881502	-0.031639673	4.131607348	-0.029279169
4.986731761	-0.035430427	4.140679015	-0.029047902
4.993760283	-0.030448143	4.149766226	-0.028800739
5.001589946	-0.03443473	4.158868469	-0.028538592
5.009718577	-0.037290543	4.16798514	-0.028262406
5.016877017	-0.032832934	4.177115547	-0.02797315
5.022535548	-0.032486812	4.186258924	-0.027671821
5.033390615	-0.034781507	4.195414433	-0.027359439
5.042093543	-0.03540696	4.204581171	-0.027037044
5.046215342	-0.035352695	4.213758178	-0.026705697
5.053164129	-0.034426601	4.222944443	-0.026366477
5.061248582	-0.035359793	4.232138913	-0.026020476
5.064234549	-0.029406436	4.241340494	-0.025668801
5.077399613	-0.035434605	4.250548062	-0.025312569
5.076146435	-0.035107292	4.259760465	-0.024952908
5.087736497	-0.038262097	4.268976534	-0.024590951
5.09317147	-0.0303637	4.278195084	-0.024227835
5.108816433	-0.03820691	4.287414926	-0.023864702
5.113428239	-0.038262783	4.296634864	-0.023502692
5.117445577	-0.032238338	4.30585371	-0.023142944
5.125939408	-0.03298732	4.315070285	-0.022786592
5.13949534	-0.034479197	4.324283427	-0.022434764
5.138546339	-0.035047965	4.333491992	-0.02208858
5.144632432	-0.033712248	4.34269487	-0.021749148
5.158216013	-0.035983231	4.35189098	-0.021417563
5.164148065	-0.034192044	4.361079284	-0.021094906
5.171202919	-0.028739038	4.370258788	-0.02078224
5.180168209	-0.03207413	4.379428554	-0.020480608
5.179993351	-0.038020569	4.388587699	-0.020191032
5.195205921	-0.029015587	4.397735409	-0.01991451
5.199463348	-0.032192927	4.406870939	-0.019652015
5.210435827	-0.030049108	4.415993626	-0.019404491
5.215844097	-0.028957229	4.42510289	-0.019172853
5.22773606	-0.028815274	4.434198245	-0.018957984
5.232240602	-0.033389404	4.443279303	-0.018760734
5.235189393	-0.031822339	4.452345784	-0.018581914
5.241939725	-0.031177048	4.46139752	-0.018422302
5.251571766	-0.025897713	4.470434465	-0.018282632
5.256584586	-0.034063401	4.4794567	-0.018163599
5.269330154	-0.03339565	4.488464439	-0.018065852
5.272268713	-0.025621311	4.497458039	-0.017989997
5.282838514	-0.029665864	4.506438003	-0.017936588
5.288975238	-0.026268246	4.515404986	-0.017906132
5.295761324	-0.0270302	4.524359801	-0.017899082
5.301982878	-0.02863306	4.533303422	-0.017915836
5.305858619	-0.030262558	4.542236986	-0.017956736
5.31986714	-0.028340824	4.551161797	-0.018022063
5.325914394	-0.0257784	4.560079321	-0.018112035
5.331492365	-0.023497532	4.568991187	-0.018226805
5.340709706	-0.031653832	4.577899175	-0.018366457
5.34952397	-0.025219708	4.586805216	-0.018531002
5.353975042	-0.026926294	4.595711367	-0.018720377
5.364493631	-0.028612772	4.604619806	-0.018934438
5.370439613	-0.022687937	4.613532809	-0.019172961
5.382331575	-0.02263045	4.622452715	-0.019435632
5.385305948	-0.025338461	4.631381955	-0.019722047
5.394223538	-0.031513733	4.640323058	-0.020031706
5.398914568	-0.023415337	4.649278527	-0.02036401
5.4090969	-0.028574263	4.658251701	-0.020718254
5.415398448	-0.031458297	4.667247812	-0.021093622
5.422622106	-0.023061145	4.676273282	-0.021489192
5.429899426	-0.025614706	4.685265533	-0.02189766
5.437321604	-0.026854318	4.694269183	-0.022323209
5.44173783	-0.02380938	4.703285035	-0.02276458
5.453683352	-0.022277732	4.7123135	-0.023220424
5.462414762	-0.025389227	4.721354563	-0.02368931
5.464698706	-0.02489795	4.730407762	-0.024169725
5.470727175	-0.024902752	4.739472192	-0.024660085
5.484953623	-0.025263693	4.748546513	-0.025158738
5.489084568	-0.028512975	4.757628987	-0.025663977
5.495986672	-0.023210631	4.766717529	-0.026174049
5.505794983	-0.027517063	4.775809781	-0.026687163
5.513364987	-0.025240915	4.784903197	-0.027201508
5.519089147	-0.028224352	4.793995138	-0.027715261
5.525035128	-0.025225287	4.803082979	-0.0282266
5.532683481	-0.02553101	4.812164207	-0.028733721
5.542951325	-0.026866879	4.821236522	-0.029234846
5.55167413	-0.02812291	4.830297921	-0.029728239
5.551792488	-0.025155236	4.839346768	-0.030212213
5.563588306	-0.021923134	4.848381848	-0.030685145
5.568542563	-0.02336446	4.857402398	-0.031145482
5.569734952	-0.028846808	4.866408121	-0.031591746
5.587141921	-0.028359199	4.875399181	-0.032022548
5.591599914	-0.027206224	4.884376181	-0.032436584
5.596161821	-0.02816786	4.893340127	-0.032832644
5.609034036	-0.025912816	4.902292387	-0.033209611
5.611354024	-0.025048923	4.911259572	-0.033571193
5.622026775	-0.023207972	4.920202563	-0.033910929
5.62451733	-0.024693477	4.929127122	-0.034228069
5.638008774	-0.024929522	4.938036865	-0.034521972
5.639437264	-0.024706118	4.946934562	-0.034792102
5.645365267	-0.02583534	4.955822964	-0.035038026
5.655846718	-0.022497887	4.964704701	-0.035259402
5.667738681	-0.028616726	4.973582298	-0.03545598
5.670571842	-0.025029423	4.982458196	-0.035627598
5.677723069	-0.025627899	4.991334728	-0.035774172
5.682169015	-0.025871572	5.00021409	-0.035895698
5.691522607	-0.024789423	5.009098335	-0.035992246
5.704402147	-0.027008417	5.017989354	-0.036063954
5.706300118	-0.027653189	5.026888874	-0.036111027
5.718223198	-0.027890654	5.035798446	-0.036133735
5.723630581	-0.02959288	5.044719448	-0.036132406
5.727023168	-0.030642003	5.053653083	-0.036107426
5.733144476	-0.027652071	5.062600382	-0.036059236
5.744152803	-0.029613525	5.071562204	-0.035988331
5.743319475	-0.030366864	5.080539245	-0.035895252
5.755884179	-0.033052855	5.089532045	-0.035780592
5.759946313	-0.027328532	5.098540988	-0.035644987
5.771617503	-0.027577627	5.107566315	-0.035489116
5.777816133	-0.030756655	5.116608127	-0.035313702
5.786658308	-0.030486339	5.125666396	-0.035119506
5.792846887	-0.02450192	5.13474097	-0.034907328
5.799693986	-0.034105414	5.14383158	-0.034678003
5.804428161	-0.028793907	5.152937851	-0.034432398
5.813500777	-0.02416009	5.162059308	-0.034171413
5.822334197	-0.030185189	5.171195381	-0.033895979
5.834337615	-0.027475036	5.180345412	-0.033607055
5.836331906	-0.028497518	5.189508665	-0.033305626
5.838411345	-0.032331108	5.198684333	-0.032992703
5.853598312	-0.030234059	5.207871544	-0.032669312
5.858010085	-0.03029954	5.217069367	-0.032336506
5.864188576	-0.031932266	5.226276814	-0.031995357
5.874043055	-0.03010238	5.235492857	-0.031646946
5.881701337	-0.033115679	5.244716431	-0.031292373
5.878290744	-0.036201567	5.25394643	-0.030932749
5.899631954	-0.03293863	5.263181722	-0.030569192
5.90488722	-0.03528592	5.272421161	-0.030202832
5.914517963	-0.038890509	5.28166358	-0.0298348
5.920742177	-0.030089662	5.290907804	-0.029466231
5.926634828	-0.033047886	5.300152655	-0.029098261
5.93671474	-0.040641414	5.309396963	-0.028732023
5.938415475	-0.03333582	5.318639556	-0.02836865
5.950405652	-0.038897361	5.327879292	-0.028009262
5.959513228	-0.031356273	5.33711503	-0.027654983
5.961744052	-0.038917607	5.34634568	-0.027306909
5.968799696	-0.03699006	5.355570163	-0.026966139
5.975658364	-0.030272057	5.36478745	-0.02663375
5.985447434	-0.03440496	5.373996566	-0.026310797
5.991737666	-0.030351623	5.383196559	-0.025998332
5.99752855	-0.032991718	5.392386572	-0.025697367
6.006887624	-0.031469427	5.401565795	-0.025408895
6.013798081	-0.033386964	5.410733474	-0.025133899
6.021548773	-0.032994975	5.419888968	-0.024873313
6.024497563	-0.038514688	5.429031698	-0.024628045
6.039348039	-0.032943185	5.438161177	-0.024398986
6.039324602	-0.038369698	5.447277023	-0.024186983
6.051294803	-0.03870009	5.456378969	-0.023992839
6.060173451	-0.041683956	5.465466853	-0.023817326
6.060273684	-0.031384318	5.474540627	-0.023661185
6.072225874	-0.037078285	5.483600383	-0.023525107
6.077727315	-0.035912479	5.492646351	-0.023409728
6.08695741	-0.041734786	5.501678901	-0.023315648
6.092779747	-0.032720911	5.510698542	-0.02324342
6.103111878	-0.033022723	5.519705948	-0.023193547
6.107741302	-0.037995741	5.528701952	-0.023166473
6.119633265	-0.035560592	5.537687558	-0.023162583
6.125945483	-0.035630353	5.546663937	-0.023182205
6.134535861	-0.038688088	5.555632423	-0.023225607
6.140643468	-0.038413258	5.564594521	-0.023292998
6.142552618	-0.037042628	5.573551916	-0.023384514
6.155309153	-0.035307373	5.582506448	-0.023500219
6.161255134	-0.032507818	5.591460119	-0.023640101
6.167439911	-0.033917005	5.600415071	-0.023804067
6.178879543	-0.0321901	5.609373571	-0.023991944
6.185393319	-0.035388432	5.618338005	-0.024203478
6.188933409	-0.033291615	5.627310853	-0.024438316
6.198363182	-0.035376797	5.636294672	-0.024696012
6.210189263	-0.031916294	5.645292127	-0.024976014
6.215888283	-0.037604164	5.654305906	-0.025277663
6.220714948	-0.03529596	5.663339519	-0.025600192
6.231370087	-0.032901214	5.672397994	-0.025942712
6.235518326	-0.035280381	5.681488456	-0.02630422
6.24465956	-0.03358341	5.690545614	-0.02668035
6.250444855	-0.029299664	5.699616279	-0.027072368
6.259252562	-0.032211022	5.708701491	-0.027478904
6.268366063	-0.032512849	5.717801889	-0.027898508
6.266561152	-0.03395563	5.726917748	-0.028329589
6.280358268	-0.035224897	5.736048845	-0.028770511
6.287918118	-0.036973291	5.745194575	-0.029219498
6.294522028	-0.036417073	5.754353837	-0.029674756
6.30416197	-0.033266552	5.763525199	-0.030134347
6.309885696	-0.034889139	5.772706834	-0.030596336
6.31585065	-0.035046895	5.78189664	-0.031058712
6.32776497	-0.03777743	5.791092347	-0.031519408
6.330359651	-0.040954892	5.800291561	-0.031976374
6.333799218	-0.037940302	5.809491903	-0.032427536
6.348357035	-0.034961793	5.818691133	-0.032870806
6.352943668	-0.032634459	5.827887198	-0.033304144
6.364380647	-0.033477051	5.837078324	-0.033725559
6.369364482	-0.037890369	5.846263088	-0.034133124
6.381288206	-0.031801523	5.855440491	-0.034524983
6.381256445	-0.034875662	5.86460998	-0.034899378
6.386922467	-0.037925005	5.873771431	-0.035254643
6.394360393	-0.037500145	5.882925146	-0.035589262
6.408125917	-0.034805318	5.892071774	-0.035901894
6.414022095	-0.031683858	5.901212281	-0.03619138
6.422704261	-0.034542807	5.910347886	-0.036456743
6.43177719	-0.031863345	5.919480028	-0.036697213
6.431376201	-0.035754332	5.928610295	-0.036912224
6.444640885	-0.034609805	5.93780515	-0.037095595
6.44666224	-0.031886678	5.946988073	-0.037252541
6.460444848	-0.034792714	5.956164067	-0.037383484
6.46405225	-0.036155243	5.965335157	-0.037489084
6.474710433	-0.028772765	5.974503205	-0.037570217
6.482338128	-0.028665049	5.983669246	-0.037628029
6.486343889	-0.036524763	5.992834172	-0.037663862
6.498668021	-0.031944901	6.001998519	-0.037679183
6.504956332	-0.026224773	6.011162635	-0.037675608
6.504128895	-0.036422153	6.020326637	-0.037654817
6.516538829	-0.036709505	6.029490502	-0.037618525
6.528764773	-0.030604261	6.038654004	-0.037568412
6.533125138	-0.03447807	6.047817124	-0.03750642
6.539785545	-0.030588543	6.056979334	-0.037434064
6.54905924	-0.029633653	6.066140216	-0.03735292
6.550817442	-0.03617359	6.075299382	-0.037264568
6.557793247	-0.032434001	6.084456408	-0.037170448
6.570741146	-0.032573183	6.093610863	-0.037071902
6.575894893	-0.034514546	6.102762325	-0.036970133
6.58027513	-0.03726958	6.111910414	-0.036866229
6.592360082	-0.034322993	6.121054765	-0.036761178
6.595311774	-0.030960646	6.130195121	-0.036655801
6.610330315	-0.033895343	6.13933118	-0.036550861
6.611039218	-0.038578153	6.14846282	-0.036446929
6.625294198	-0.034271859	6.157589836	-0.036344567
6.627536952	-0.032715251	6.166712205	-0.036244141
6.635706008	-0.031848295	6.175829827	-0.036146022
6.642879625	-0.034190733	6.18494274	-0.036050446
6.654748495	-0.035481717	6.19405095	-0.035957613
6.660717569	-0.037152142	6.203154483	-0.035867672
6.666663551	-0.034128467	6.212253449	-0.03578068
6.671831404	-0.030284698	6.221347933	-0.035696738
6.678914964	-0.039192472	6.2304381	-0.035615805
6.686209949	-0.033650854	6.239523996	-0.035537933
6.690352021	-0.031115861	6.248605817	-0.035463025
6.699562254	-0.034708777	6.257683658	-0.035391105
6.705401021	-0.034027052	6.266757739	-0.035322036
6.716868795	-0.037010576	6.275828116	-0.035255817
6.717321361	-0.037073645	6.284895004	-0.035192311
6.735398357	-0.033948519	6.293958531	-0.035131469
6.738082954	-0.033941491	6.30301885	-0.035073178
6.746750771	-0.030834794	6.312076064	-0.03501737
6.757575023	-0.035876978	6.321130337	-0.034963948
6.761799252	-0.037219444	6.3301818	-0.034912805
6.767745234	-0.036915101	6.339230548	-0.034863877
6.77785743	-0.033751498	6.348276767	-0.034817046
6.785583178	-0.036840369	6.357320528	-0.034772254
6.791466705	-0.036912062	6.366361958	-0.034729392
6.79629248	-0.031492253	6.375401155	-0.034688404
6.815313085	-0.033739302	6.384438244	-0.034649174
6.815313085	-0.033739302	6.393473297	-0.034611665
6.827132186	-0.029256968	6.402506456	-0.034575759
6.827318391	-0.036720548	6.41153775	-0.034541423
6.836485064	-0.036602717	6.420567318	-0.034508558
6.844832871	-0.031764475	6.42959522	-0.034477115
6.853880171	-0.030588739	6.43862153	-0.034447026
6.857844297	-0.038454155	6.447646335	-0.034418229
6.871653203	-0.033591804	6.456669692	-0.034390667
6.87787332	-0.033575519	6.465691684	-0.034364285
6.884138769	-0.028335079	6.474712371	-0.034339028
6.892672678	-0.033223816	6.483731804	-0.034314843
6.898809781	-0.036620479	6.492750052	-0.03429169
6.898633293	-0.031915479	6.501767176	-0.034269507
6.909896821	-0.033491682	6.51078321	-0.034248271
6.924090776	-0.035769241	6.519798228	-0.034227917
6.928503982	-0.031419019	6.528812251	-0.034208427
6.936183295	-0.034297944	6.537825349	-0.034189742
6.942465028	-0.032519259	6.546837543	-0.034171842
6.945964984	-0.033397255	6.555848894	-0.034154679
6.956871475	-0.031207436	6.564859434	-0.034138226
6.966082285	-0.037488405	6.573869195	-0.034122449
6.967299667	-0.033341401	6.582878222	-0.034107318
6.975715031	-0.030574969	6.591886541	-0.034092805
6.986330423	-0.033190067	6.600894189	-0.034078883
6.995288898	-0.033757783	6.609901194	-0.034065524
7.004413615	-0.029909311	6.618907583	-0.034052705
7.017476451	-0.030479347	6.627913387	-0.034040402
7.014648956	-0.033217441	6.636918632	-0.034028589
7.02594634	-0.033187864	6.645923342	-0.034017249
7.028740488	-0.029571794	6.654927539	-0.034006355
7.035314395	-0.036136929	6.663931247	-0.033995896
7.044463216	-0.033139387	6.672934495	-0.033985843
7.056968253	-0.031018186	6.681937289	-0.033976189
7.059098321	-0.029922493	6.690939665	-0.033966906
7.070491455	-0.031270469	6.699941627	-0.033957986
7.072832363	-0.035004916	6.708943204	-0.033949409
7.078074435	-0.034282829	6.717944405	-0.033941162
7.089151238	-0.034503027	6.72694525	-0.033933231
7.100933796	-0.030213242	6.735945756	-0.0339256
7.103549079	-0.036012017	6.744945931	-0.033918262
7.114637754	-0.036217954	6.753945797	-0.033911197
7.12311301	-0.035167694	6.762945362	-0.0339044
7.131772997	-0.029343326	6.771944643	-0.033897854
7.136468942	-0.037341257	6.780943645	-0.033891554
7.138077833	-0.034566083	6.789942389	-0.033885486
7.151968595	-0.034503905	6.798940879	-0.033879642
7.155780077	-0.032898665	6.807939129	-0.033874012
7.166125985	-0.039046167	6.816937147	-0.033868587
7.170411952	-0.028736535	6.825934942	-0.033863359
7.181490973	-0.037864209	6.834932526	-0.03385832
7.18396393	-0.038720156	6.843929905	-0.033853462
7.192792192	-0.029604366	6.85292709	-0.033848778
7.203337289	-0.030179649	6.861924087	-0.033844261
7.210417588	-0.032704919	6.870920904	-0.033839903
7.219639818	-0.026734793	6.87991755	-0.033835699
7.228731056	-0.035549665	6.888914029	-0.033831643
7.229917087	-0.032812774	6.897910349	-0.033827727
7.23599877	-0.03420186	6.906906517	-0.033823948
7.255315706	-0.029779618	6.915902538	-0.0338203
7.255315706	-0.032955245	6.924898418	-0.033816776
7.257941454	-0.02663452	6.933894164	-0.033813374
7.273958269	-0.031762492	6.942889779	-0.033810087
7.278934862	-0.029524523	6.951885269	-0.033806912
7.282214587	-0.038462935	6.96088064	-0.033803843
7.289451916	-0.032514471	6.969875894	-0.033800878
7.300415312	-0.033528095	6.978871039	-0.033798011
7.308829538	-0.029399418	6.987866076	-0.03379524
7.311687771	-0.032439793	6.996861011	-0.03379256
7.317073999	-0.033476608	7.005855847	-0.033789968
7.32985124	-0.029247028	7.014850589	-0.033787461
7.3352877	-0.031076309	7.023845239	-0.033785036
7.341632926	-0.029323265	7.032839801	-0.033782689
7.350305794	-0.033904217	7.041834279	-0.033780417
7.3596184	-0.032314311	7.050828674	-0.033778219
7.36234337	-0.03497209	7.059822992	-0.03377609
7.378373871	-0.034462183	7.068817233	-0.03377403
7.383095865	-0.032209812	7.077811402	-0.033772035
7.390420699	-0.032136671	7.0868055	-0.033770102
7.397948849	-0.030849315	7.095799531	-0.03376823
7.398538459	-0.030466634	7.104793497	-0.033766416
7.410272607	-0.029227146	7.1137874	-0.033764658
7.420053036	-0.034463475	7.122781242	-0.033762954
7.424797559	-0.035015016	7.131775026	-0.033761303
7.431069585	-0.032127252	7.140768754	-0.033759702
7.440551304	-0.036760216	7.149762427	-0.03375815
7.449749946	-0.034138532	7.158756048	-0.033756644
7.455226782	-0.037007022	7.167749617	-0.033755184
7.463162635	-0.030687246	7.176743139	-0.033753768
7.471389339	-0.032914841	7.185736613	-0.033752394
7.478476664	-0.032225835	7.194730041	-0.03375106
7.485675151	-0.031824272	7.203723425	-0.033749767
7.496281281	-0.034974351	7.212716767	-0.033748511
7.499100942	-0.028807949	7.221710068	-0.033747291
7.509955559	-0.030741147	7.23070333	-0.033746108
7.513773266	-0.02900455	7.239696553	-0.033744958
7.518880141	-0.029834836	7.248689739	-0.033743842
7.531678497	-0.028805712	7.257682889	-0.033742758
7.537521451	-0.032085456	7.266676005	-0.033741704
7.546714682	-0.036295899	7.275669088	-0.033740681
7.55442342	-0.03212508	7.284662138	-0.033739686
7.554018604	-0.033749371	7.293655157	-0.03373872
7.565130631	-0.03490816	7.302648145	-0.03373778
7.573761276	-0.031753685	7.311641104	-0.033736867
7.582344681	-0.037677195	7.320634035	-0.033735979
7.585236143	-0.031723644	7.329626939	-0.033735116
7.59540903	-0.040099282	7.338619816	-0.033734276
7.606128607	-0.037063359	7.347612668	-0.03373346
7.612074588	-0.034576061	7.356605494	-0.033732665
7.620784482	-0.034401206	7.365598297	-0.033731893
7.628606317	-0.031386792	7.374591076	-0.033731141
7.635858513	-0.037537096	7.383583833	-0.033730409
7.647846739	-0.036324896	7.392576568	-0.033729697
7.646892624	-0.034664789	7.401569282	-0.033729004
7.656513318	-0.031764243	7.410561975	-0.033728329
7.662785972	-0.034448496	7.419554649	-0.033727672
7.67220952	-0.036527978	7.428547303	-0.033727032
7.674501196	-0.031598909	7.437539938	-0.03372641
7.689372346	-0.037396996	7.446532556	-0.033725803
7.695176364	-0.034227092	7.455525156	-0.033725212
7.701467801	-0.034968077	7.464517739	-0.033724636
7.710197629	-0.034221043	7.473510305	-0.033724075
7.717709405	-0.031468117	7.482502855	-0.033723529
7.725048234	-0.037303597	7.49149539	-0.033722996
7.729500315	-0.031468082	7.50048791	-0.033722477
7.736862825	-0.034480537	7.509480415	-0.033721971
7.74492689	-0.035989311	7.518472906	-0.033721478
7.754778141	-0.034018823	7.527465383	-0.033720997
7.760724122	-0.034208847	7.536457847	-0.033720528
7.770127128	-0.036009691	7.545450298	-0.033720071
7.775619325	-0.034379457	7.554442737	-0.033719625
7.787022417	-0.032242452	7.563435163	-0.03371919
7.788367289	-0.033246078	7.572427577	-0.033718765
7.793555081	-0.034324506	7.58141998	-0.033718351
7.806890352	-0.031085765	7.590412371	-0.033717948
7.814026385	-0.030016705	7.599404752	-0.033717553
7.824172609	-0.034313813	7.608397122	-0.033717169
7.826129917	-0.03427923	7.617389481	-0.033716793
7.83802188	-0.03391827	7.626381831	-0.033716427
7.849332358	-0.030236014	7.635374171	-0.033716069
7.855859824	-0.036961132	7.644366502	-0.03371572
7.852988162	-0.033818934	7.653358823	-0.033715379
7.870338239	-0.033608245	7.662351136	-0.033715046
7.876819039	-0.033561516	7.671343439	-0.033714721
7.879942728	-0.032978704	7.680335735	-0.033714403
7.888573853	-0.033652488	7.689328022	-0.033714093
7.894686468	-0.030960832	7.698320301	-0.03371379
7.901336185	-0.032870901	7.707312572	-0.033713494
7.911427351	-0.032710013	7.716304836	-0.033713204
7.918327195	-0.030851611	7.725297093	-0.033712921
7.922588107	-0.033246301	7.734289342	-0.033712645
7.934930113	-0.032615883	7.743281584	-0.033712375
7.936024436	-0.036685934	7.75227382	-0.033712111
7.951113327	-0.032423249	7.761266049	-0.033711853
7.950995526	-0.036712067	7.770258271	-0.033711601
7.960202091	-0.033604366	7.779250488	-0.033711354
7.968618954	-0.038035186	7.788242698	-0.033711113
7.97851498	-0.032686164	7.797234902	-0.033710877
7.983809813	-0.030361668	7.806227101	-0.033710647
7.99529498	-0.027998574	7.815219293	-0.033710421
7.998563377	-0.030641553	7.824211481	-0.0337102
		7.833203663	-0.033709985
		7.842195839	-0.033709774
		7.851188011	-0.033709567
		7.860180178	-0.033709365
		7.86917234	-0.033709167
		7.878164497	-0.033708973
		7.88715665	-0.033708784
		7.896148798	-0.033708598
		7.905140942	-0.033708417
		7.914133081	-0.033708239
		7.923125217	-0.033708065
		7.932117348	-0.033707895
		7.941109475	-0.033707728
		7.950101599	-0.033707564
		7.959093719	-0.033707404
		7.968085835	-0.033707248
		7.977077948	-0.033707094
		7.986070057	-0.033706944
		7.995062162	-0.033706796
		8.004054265	-0.033706652
		8.013046364	-0.033706511
		8.02203846	-0.033706372
		8.031030553	-0.033706236
		8.040022643	-0.033706103
		8.04901473	-0.033705973
		8.058006814	-0.033705845
		8.066998895	-0.033705719
		8.075990974	-0.033705597
		8.08498305	-0.033705476
		8.093975123	-0.033705358
		8.102967193	-0.033705242
		8.111959262	-0.033705129
		8.120951327	-0.033705017
		8.129943391	-0.033704908
		8.138935452	-0.033704801
		8.14792751	-0.033704696
		8.156919567	-0.033704593
		8.165911621	-0.033704491
		8.174903674	-0.033704392
		8.183895724	-0.033704295
		8.192887772	-0.033704199
		8.201879818	-0.033704106
		8.210871862	-0.033704014
		8.219863904	-0.033703923
		8.228855945	-0.033703835
		8.237847983	-0.033703748
		8.24684002	-0.033703662
		8.255832055	-0.033703579
		8.264824089	-0.033703496
		8.27381612	-0.033703415
		8.28280815	-0.033703336
		8.291800179	-0.033703258
		8.300792206	-0.033703182
		8.309784231	-0.033703107
		8.318776255	-0.033703033
		8.327768277	-0.03370296
		8.336760298	-0.033702889
		8.345752318	-0.033702819
		8.354744336	-0.033702751
		8.363736353	-0.033702683
		8.372728369	-0.033702617
		8.381720383	-0.033702552
		8.390712396	-0.033702488
		8.399704408	-0.033702425
		8.408696418	-0.033702363
		8.417688427	-0.033702302
		8.426680436	-0.033702243
		8.435672443	-0.033702184
		8.444664449	-0.033702126
		8.453656454	-0.03370207
		8.462648457	-0.033702014
		8.47164046	-0.033701959
		8.480632462	-0.033701905
		8.489624462	-0.033701852
		8.498616462	-0.0337018
		8.507608461	-0.033701749
		8.516600459	-0.033701699
		8.525592456	-0.033701649
		8.534584452	-0.033701601
		8.543576447	-0.033701553
		8.552568441	-0.033701506
		8.561560434	-0.033701459
		8.570552427	-0.033701414
		8.579544418	-0.033701369
		8.588536409	-0.033701325
		8.597528399	-0.033701281
		8.606520389	-0.033701239
		8.615512377	-0.033701197
		8.624504365	-0.033701155
		8.633496352	-0.033701115
		8.642488339	-0.033701075
		8.651480324	-0.033701035
		8.660472309	-0.033700996
		8.669464293	-0.033700958
		8.678456277	-0.033700921
		8.68744826	-0.033700884
		8.696440242	-0.033700847
		8.705432224	-0.033700811
		8.714424205	-0.033700776
		8.723416186	-0.033700741
		8.732408165	-0.033700707
		8.741400145	-0.033700674
		8.750392123	-0.03370064
		8.759384102	-0.033700608
		8.768376079	-0.033700576
		8.777368056	-0.033700544
		8.786360033	-0.033700513
		8.795352009	-0.033700482
		8.804343984	-0.033700452
		8.813335959	-0.033700422
		8.822327934	-0.033700393
		8.831319908	-0.033700364
		8.840311881	-0.033700335
		8.849303854	-0.033700307
		8.858295827	-0.033700279
		8.867287799	-0.033700252
		8.87627977	-0.033700225
		8.885271742	-0.033700199
		8.894263712	-0.033700173
		8.903255683	-0.033700147
		8.912247653	-0.033700122
		8.921239622	-0.033700097
		8.930231591	-0.033700072
		8.93922356	-0.033700048
		8.948215528	-0.033700024
		8.957207496	-0.033700001
		8.966199464	-0.033699978
		8.975191431	-0.033699955
		8.984183398	-0.033699932
		8.993175364	-0.03369991
		9.00216733	-0.033699888
		9.011159296	-0.033699867
		9.020151262	-0.033699846
		9.029143227	-0.033699825
		9.038135192	-0.033699804
		9.047127156	-0.033699784
		9.05611912	-0.033699764
		9.065111084	-0.033699744
		9.074103047	-0.033699724
		9.083095011	-0.033699705
		9.092086973	-0.033699686
		9.101078936	-0.033699668
		9.110070898	-0.033699649
		9.11906286	-0.033699631
		9.128054822	-0.033699613
		9.137046784	-0.033699596
		9.146038745	-0.033699578
		9.155030706	-0.033699561
		9.164022666	-0.033699544
		9.173014627	-0.033699527
		9.182006587	-0.033699511
		9.190998547	-0.033699495
		9.199990507	-0.033699478
		9.208982466	-0.033699463
		9.217974425	-0.033699447
		9.226966384	-0.033699432
		9.235958343	-0.033699416
		9.244950301	-0.033699402
		9.25394226	-0.033699387
		9.262934218	-0.033699372
		9.271926176	-0.033699358
		9.280918133	-0.033699344
		9.289910091	-0.03369933
		9.298902048	-0.033699316
		9.307894005	-0.033699302
		9.316885962	-0.033699289
		9.325877918	-0.033699275
		9.334869875	-0.033699262
		9.343861831	-0.033699249
		9.352853787	-0.033699236
		9.361845743	-0.033699224
		9.370837699	-0.033699211
		9.379829654	-0.033699199
		9.38882161	-0.033699187
		9.397813565	-0.033699175
		9.40680552	-0.033699163
		9.415797475	-0.033699151
		9.424789429	-0.03369914
		9.433781384	-0.033699128
		9.442773338	-0.033699117
		9.451765292	-0.033699106
		9.460757246	-0.033699095
		9.4697492	-0.033699084
		9.478741154	-0.033699073
		9.487733108	-0.033699063
		9.496725061	-0.033699052
		9.505717014	-0.033699042
		9.514708968	-0.033699032
		9.523700921	-0.033699022
		9.532692874	-0.033699012
		9.541684826	-0.033699002
		9.550676779	-0.033698992
		9.559668732	-0.033698982
		9.568660684	-0.033698973
		9.577652636	-0.033698964
		9.586644588	-0.033698954
		9.59563654	-0.033698945
		9.604628492	-0.033698936
		9.613620444	-0.033698927
		9.622612396	-0.033698918
		9.631604347	-0.033698909
		9.640596299	-0.033698901
		9.64958825	-0.033698892
		9.658580201	-0.033698884
		9.667572153	-0.033698875
		9.676564104	-0.033698867
		9.685556055	-0.033698859
		9.694548005	-0.033698851
		9.703539956	-0.033698843
		9.712531907	-0.033698835
		9.721523857	-0.033698827
		9.730515808	-0.033698819
		9.739507758	-0.033698812
		9.748499708	-0.033698804
		9.757491658	-0.033698797
		9.766483608	-0.033698789
		9.775475558	-0.033698782
		9.784467508	-0.033698775
		9.793459458	-0.033698768
		9.802451408	-0.033698761
		9.811443357	-0.033698754
		9.820435307	-0.033698747
		9.829427256	-0.03369874
		9.838419205	-0.033698733
		9.847411155	-0.033698727
		9.856403104	-0.03369872
		9.865395053	-0.033698714
		9.874387002	-0.033698707
		9.883378951	-0.033698701
		9.8923709	-0.033698694
		9.901362848	-0.033698688
		9.910354797	-0.033698682
		9.919346746	-0.033698676
		9.928338694	-0.03369867
		9.937330643	-0.033698664
		9.946322591	-0.033698658
		9.955314539	-0.033698652
		9.964306487	-0.033698646
		9.973298436	-0.033698641
		9.982290384	-0.033698635
		9.991282332	-0.03369863
		10.00027428	-0.033698624
		10.00926623	-0.033698619
		10.01825818	-0.033698613
		10.02725012	-0.033698608
		10.03624207	-0.033698603
		10.04523402	-0.033698597
		10.05422597	-0.033698592
		10.06321791	-0.033698587
		10.07220986	-0.033698582
		10.08120181	-0.033698577
		10.09019376	-0.033698572
		10.0991857	-0.033698568
		10.10817765	-0.033698563
		10.1171696	-0.033698558
		10.12616154	-0.033698553
		10.13515349	-0.033698549
		10.14414544	-0.033698544
		10.15313738	-0.03369854
		10.16212933	-0.033698535
		10.17112128	-0.033698531
		10.18011323	-0.033698526
		10.18910517	-0.033698522
		10.19809712	-0.033698518
		10.20708906	-0.033698513
		10.21608101	-0.033698509
		10.22507296	-0.033698505
		10.2340649	-0.033698501
		10.24305685	-0.033698497
		10.2520488	-0.033698493
		10.26104074	-0.033698489
		10.27003269	-0.033698485
		10.27902464	-0.033698481
		10.28801658	-0.033698477
		10.29700853	-0.033698473
		10.30600047	-0.03369847
		10.31499242	-0.033698466
		10.32398437	-0.033698462
		10.33297631	-0.033698458
		10.34196826	-0.033698455
		10.3509602	-0.033698451
		10.35995215	-0.033698448
		10.36894409	-0.033698444
		10.37793604	-0.033698441
		10.38692799	-0.033698437
		10.39591993	-0.033698434
		10.40491188	-0.033698431
		10.41390382	-0.033698427
		10.42289577	-0.033698424
		10.43188771	-0.033698421
		10.44087966	-0.033698417
		10.4498716	-0.033698414
		10.45886355	-0.033698411
		10.4678555	-0.033698408
		10.47684744	-0.033698405
		10.48583939	-0.033698401
		10.49483133	-0.033698398
		10.50382328	-0.033698395
		10.51281522	-0.033698392
		10.52180717	-0.033698389
		10.53079911	-0.033698386
		10.53979106	-0.033698383
		10.548783	-0.03369838
		10.55777495	-0.033698378
		10.56676689	-0.033698375
		10.57575884	-0.033698372
		10.58475078	-0.033698369
		10.59374273	-0.033698366
		10.60273467	-0.033698363
		10.61172662	-0.033698361
		10.62071856	-0.033698358
		10.62971051	-0.033698355
		10.63870245	-0.033698353
		10.6476944	-0.03369835
		10.65668634	-0.033698347
		10.66567829	-0.033698345
		10.67467023	-0.033698342
		10.68366218	-0.033698339
		10.69265412	-0.033698337
		10.70164606	-0.033698334
		10.71063801	-0.033698332
		10.71962995	-0.033698329
		10.7286219	-0.033698327
		10.73761384	-0.033698324
		10.74660579	-0.033698322
		10.75559773	-0.03369832
		10.76458968	-0.033698317
		10.77358162	-0.033698315
		10.78257357	-0.033698312
		10.79156551	-0.03369831
		10.80055745	-0.033698308
		10.8095494	-0.033698305
		10.81854134	-0.033698303
		10.82753329	-0.033698301
		10.83652523	-0.033698299
		10.84551718	-0.033698296
		10.85450912	-0.033698294
		10.86350106	-0.033698292
		10.87249301	-0.03369829
		10.88148495	-0.033698288
		10.8904769	-0.033698286
		10.89946884	-0.033698284
		10.90846079	-0.033698282
		10.91745273	-0.033698279
		10.92644467	-0.033698277
		10.93543662	-0.033698275
		10.94442856	-0.033698273
		10.95342051	-0.033698271
		10.96241245	-0.033698269
		10.97140439	-0.033698268
		10.98039634	-0.033698266
		10.98938828	-0.033698264
		10.99838023	-0.033698262
		11.00737217	-0.03369826
		11.01636411	-0.033698258
		11.02535606	-0.033698256
		11.034348	-0.033698254
		11.04333995	-0.033698253
		11.05233189	-0.033698251
		11.06132383	-0.033698249
		11.07031578	-0.033698247
		11.07930772	-0.033698246
		11.08829966	-0.033698244
		11.09729161	-0.033698242
		11.10628355	-0.033698241
		11.1152755	-0.033698239
		11.12426744	-0.033698237
		11.13325938	-0.033698236
		11.14225133	-0.033698234
		11.15124327	-0.033698233
		11.16023521	-0.033698231
		11.16922716	-0.03369823
		11.1782191	-0.033698228
		11.18721104	-0.033698226
		11.19620299	-0.033698225
		11.20519493	-0.033698223
		11.21418687	-0.033698222
		11.22317882	-0.033698221
		11.23217076	-0.033698219
		11.2411627	-0.033698218
		11.25015465	-0.033698216
		11.25914659	-0.033698215
		11.26813853	-0.033698214
		11.27713048	-0.033698212
		11.28612242	-0.033698211
		11.29511436	-0.033698209
		11.30410631	-0.033698208
		11.31309825	-0.033698207
		11.32209019	-0.033698205
		11.33108214	-0.033698204
		11.34007408	-0.033698203
		11.34906602	-0.033698202
		11.35805797	-0.0336982
		11.36704991	-0.033698199
		11.37604185	-0.033698198
		11.3850338	-0.033698197
		11.39402574	-0.033698195
		11.40301768	-0.033698194
		11.41200963	-0.033698193
		11.42100157	-0.033698192
		11.42999351	-0.033698191
		11.43898546	-0.033698189
		11.4479774	-0.033698188
		11.45696934	-0.033698187
		11.46596129	-0.033698186
		11.47495323	-0.033698185
		11.48394517	-0.033698184
		11.49293712	-0.033698182
		11.50192906	-0.033698181
		11.510921	-0.03369818
		11.51991294	-0.033698179
		11.52890489	-0.033698178
		11.53789683	-0.033698177
		11.54688877	-0.033698176
		11.55588072	-0.033698175
		11.56487266	-0.033698174
		11.5738646	-0.033698172
		11.58285655	-0.033698171
		11.59184849	-0.03369817
		11.60084043	-0.033698169
		11.60983238	-0.033698168
		11.61882432	-0.033698167
		11.62781626	-0.033698166
		11.6368082	-0.033698165
		11.64580015	-0.033698164
		11.65479209	-0.033698163
		11.66378403	-0.033698162
		11.67277598	-0.033698161
		11.68176792	-0.03369816
		11.69075986	-0.033698159
		11.69975181	-0.033698158
		11.70874375	-0.033698157
		11.71773569	-0.033698156
		11.72672763	-0.033698155
		11.73571958	-0.033698154
		11.74471152	-0.033698153
		11.75370346	-0.033698152
		11.76269541	-0.033698151
		11.77168735	-0.03369815
		11.78067929	-0.033698149
		11.78967123	-0.033698148
		11.79866318	-0.033698147
		11.80765512	-0.033698146
		11.81664706	-0.033698145
		11.82563901	-0.033698144
		11.83463095	-0.033698143
		11.84362289	-0.033698142
		11.85261483	-0.033698141
		11.86160678	-0.03369814
		11.87059872	-0.033698139
		11.87959066	-0.033698139
		11.88858261	-0.033698138
		11.89757455	-0.033698137
		11.90656649	-0.033698136
		11.91555843	-0.033698135
		11.92455038	-0.033698134
		11.93354232	-0.033698133
		11.94253426	-0.033698133
		11.95152621	-0.033698132
		11.96051815	-0.033698131
		11.96951009	-0.03369813
		11.97850203	-0.033698129
		11.98749398	-0.033698128
		11.99648592	-0.033698128
		12.00547786	-0.033698127
		12.0144698	-0.033698126
		12.02346175	-0.033698125
		12.03245369	-0.033698125
		12.04144563	-0.033698124
		12.05043758	-0.033698123
		12.05942952	-0.033698122
		12.06842146	-0.033698122
		12.0774134	-0.033698121
		12.08640535	-0.03369812
		12.09539729	-0.03369812
		12.10438923	-0.033698119
		12.11338117	-0.033698118
		12.12237312	-0.033698117
		12.13136506	-0.033698117
		12.140357	-0.033698116
		12.14934894	-0.033698116
		12.15834089	-0.033698115
		12.16733283	-0.033698114
		12.17632477	-0.033698114
		12.18531671	-0.033698113
		12.19430866	-0.033698112
		12.2033006	-0.033698112
		12.21229254	-0.033698111
		12.22128448	-0.033698111
		12.23027643	-0.03369811
		12.23926837	-0.033698109
		12.24826031	-0.033698109
		12.25725225	-0.033698108
		12.2662442	-0.033698108
		12.27523614	-0.033698107
		12.28422808	-0.033698107
		12.29322002	-0.033698106
		12.30221197	-0.033698106
		12.31120391	-0.033698105
		12.32019585	-0.033698105
		12.32918779	-0.033698104
		12.33817974	-0.033698104
		12.34717168	-0.033698103
		12.35616362	-0.033698102
		12.36515556	-0.033698102
		12.37414751	-0.033698101
		12.38313945	-0.033698101
		12.39213139	-0.0336981
		12.40112333	-0.0336981
		12.41011528	-0.033698099
		12.41910722	-0.033698099
		12.42809916	-0.033698098
		12.4370911	-0.033698098
		12.44608304	-0.033698098
		12.45507499	-0.033698097
		12.46406693	-0.033698097
		12.47305887	-0.033698096
		12.48205081	-0.033698096
		12.49104276	-0.033698095
		12.5000347	-0.033698095
		12.50902664	-0.033698094
		12.51801858	-0.033698094
		12.52701053	-0.033698093
		12.53600247	-0.033698093
		12.54499441	-0.033698092
		12.55398635	-0.033698092
		12.5629783	-0.033698091
		12.57197024	-0.033698091
		12.58096218	-0.03369809
		12.58995412	-0.03369809
		12.59894607	-0.033698089
		12.60793801	-0.033698089
		12.61692995	-0.033698088
		12.62592189	-0.033698088
		12.63491383	-0.033698087
		12.64390578	-0.033698087
		12.65289772	-0.033698087
		12.66188966	-0.033698086
		12.6708816	-0.033698086
		12.67987355	-0.033698085
		12.68886549	-0.033698085
		12.69785743	-0.033698084
		12.70684937	-0.033698084
		12.71584132	-0.033698083
		12.72483326	-0.033698083
		12.7338252	-0.033698082
		12.74281714	-0.033698082
		12.75180909	-0.033698081
		12.76080103	-0.033698081
		12.76979297	-0.03369808
		12.77878491	-0.03369808
		12.78777685	-0.033698079
		12.7967688	-0.033698079
		12.80576074	-0.033698079
		12.81475268	-0.033698078
		12.82374462	-0.033698078
		12.83273657	-0.033698077
		12.84172851	-0.033698077
		12.85072045	-0.033698076
		12.85971239	-0.033698076
		12.86870434	-0.033698075
		12.87769628	-0.033698075
		12.88668822	-0.033698075
		12.89568016	-0.033698074
		12.9046721	-0.033698074
		12.91366405	-0.033698073
		12.92265599	-0.033698073
		12.93164793	-0.033698072
		12.94063987	-0.033698072
		12.94963182	-0.033698072
		12.95862376	-0.033698071
		12.9676157	-0.033698071
		12.97660764	-0.033698071
		12.98559959	-0.03369807
		12.99459153	-0.03369807
		13.00358347	-0.033698069
		13.01257541	-0.033698069
		13.02156735	-0.033698069
		13.0305593	-0.033698068
		13.03955124	-0.033698068
		13.04854318	-0.033698068
		13.05753512	-0.033698067
		13.06652707	-0.033698067
		13.07551901	-0.033698067
		13.08451095	-0.033698066
		13.09350289	-0.033698066
		13.10249483	-0.033698066
		13.11148678	-0.033698065
		13.12047872	-0.033698065
		13.12947066	-0.033698065
		13.1384626	-0.033698065
		13.14745455	-0.033698064
		13.15644649	-0.033698064
		13.16543843	-0.033698064
		13.17443037	-0.033698063
		13.18342231	-0.033698063
		13.19241426	-0.033698063
		13.2014062	-0.033698063
		13.21039814	-0.033698062
		13.21939008	-0.033698062
		13.22838202	-0.033698062
		13.23737397	-0.033698062
		13.24636591	-0.033698062
		13.25535785	-0.033698061
		13.26434979	-0.033698061
		13.27334173	-0.033698061
		13.28233368	-0.033698061
		13.29132562	-0.03369806
		13.30031756	-0.03369806
		13.3093095	-0.03369806
		13.31830145	-0.03369806
		13.32729339	-0.03369806
		13.33628533	-0.033698059
		13.34527727	-0.033698059
		13.35426921	-0.033698059
		13.36326116	-0.033698059
		13.3722531	-0.033698059
		13.38124504	-0.033698058
		13.39023698	-0.033698058
		13.39922892	-0.033698058
		13.40822087	-0.033698058
		13.41721281	-0.033698058
		13.42620475	-0.033698057
		13.43519669	-0.033698057
		13.44418863	-0.033698057
		13.45318058	-0.033698057
		13.46217252	-0.033698057
		13.47116446	-0.033698057
		13.4801564	-0.033698056
		13.48914834	-0.033698056
		13.49814029	-0.033698056
		13.50713223	-0.033698056
		13.51612417	-0.033698056
		13.52511611	-0.033698055
		13.53410805	-0.033698055
		13.5431	-0.033698055
		13.55209194	-0.033698055
		13.56108388	-0.033698055
		13.57007582	-0.033698054
		13.57906777	-0.033698054
		13.58805971	-0.033698054
		13.59705165	-0.033698054
		13.60604359	-0.033698053
		13.61503553	-0.033698053
		13.62402748	-0.033698053
		13.63301942	-0.033698053
		13.64201136	-0.033698053
		13.6510033	-0.033698052
		13.65999524	-0.033698052
		13.66898719	-0.033698052
		13.67797913	-0.033698052
		13.68697107	-0.033698051
		13.69596301	-0.033698051
		13.70495495	-0.033698051
		13.7139469	-0.033698051
		13.72293884	-0.033698051
		13.73193078	-0.03369805
		13.74092272	-0.03369805
		13.74991467	-0.03369805
		13.75890661	-0.03369805
		13.76789855	-0.033698049
		13.77689049	-0.033698049
		13.78588243	-0.033698049
		13.79487438	-0.033698049
		13.80386632	-0.033698049
		13.81285826	-0.033698048
		13.8218502	-0.033698048
		13.83084214	-0.033698048
		13.83983409	-0.033698048
		13.84882603	-0.033698047
		13.85781797	-0.033698047
		13.86680991	-0.033698047
		13.87580185	-0.033698047
		13.8847938	-0.033698047
		13.89378574	-0.033698046
		13.90277768	-0.033698046
		13.91176962	-0.033698046
		13.92076156	-0.033698046
		13.92975351	-0.033698046