exp:x/lambda	exp:y/lambda	exp:z/lambda	theory:x/lambda	theory:y/lambda	theory:z/lambda
-1.999539626	-0.001107617	0.029231934	-4	0	0.033333333
-1.990679267	-0.000756931	0.029178772	-3.990706659	-4.46E-09	0.033333334
-1.980469356	-0.002106322	0.0291138	-3.981413318	-8.96E-09	0.033333334
-1.976572939	-0.001272756	0.029069383	-3.972119977	-1.35E-08	0.033333334
-1.966962076	-0.000345027	0.028959826	-3.962826636	-1.81E-08	0.033333335
-1.956966287	0.000831958	0.028845881	-3.953533296	-2.28E-08	0.033333335
-1.949246406	-0.000413729	0.028853967	-3.944239955	-2.75E-08	0.033333335
-1.940769259	-0.002829549	0.028879553	-3.934946614	-3.23E-08	0.033333336
-1.934210415	6.04185E-05	0.028899349	-3.925653274	-3.72E-08	0.033333336
-1.92509537	0.000369698	0.029734985	-3.916359933	-4.21E-08	0.033333337
-1.916144887	-0.001265037	0.031041041	-3.907066593	-4.70E-08	0.033333337
-1.908089781	-0.001479288	0.032002224	-3.897773252	-5.20E-08	0.033333337
-1.899721227	-0.000581467	0.030937285	-3.888479912	-5.71E-08	0.033333338
-1.892684296	-0.000915381	0.030041801	-3.879186572	-6.22E-08	0.033333338
-1.885087781	-0.002339376	0.029107571	-3.869893232	-6.74E-08	0.033333339
-1.875875433	-0.002223033	0.031123227	-3.860599892	-7.27E-08	0.033333339
-1.86756323	-2.76317E-05	0.032941932	-3.851306552	-7.80E-08	0.03333334
-1.858049721	-0.000482644	0.032900671	-3.842013212	-8.34E-08	0.03333334
-1.850215222	-0.001099369	0.031251941	-3.832719872	-8.89E-08	0.03333334
-1.842921757	0.001413222	0.02971707	-3.823426532	-9.44E-08	0.033333341
-1.833178631	-0.000977805	0.028599354	-3.814133192	-1.00E-07	0.033333341
-1.825497636	0.001076904	0.029565623	-3.804839853	-1.06E-07	0.033333342
-1.817941754	0.001050172	0.030516152	-3.795546513	-1.11E-07	0.033333342
-1.808074151	0.000552585	0.031404549	-3.786253174	-1.17E-07	0.033333343
-1.800666197	0.000701379	0.030885014	-3.776959834	-1.23E-07	0.033333343
-1.793339911	-0.001284494	0.030371206	-3.767666495	-1.29E-07	0.033333344
-1.784558475	-0.000957442	0.029977699	-3.758373156	-1.35E-07	0.033333344
-1.776726092	-0.001216398	0.0299604	-3.749079817	-1.41E-07	0.033333345
-1.767251799	-0.000212759	0.029939475	-3.739786478	-1.47E-07	0.033333345
-1.759033687	-0.000918222	0.029921324	-3.730493139	-1.54E-07	0.033333346
-1.751062277	-0.000921685	0.029005002	-3.7211998	-1.60E-07	0.033333346
-1.744351965	-0.002010378	0.028196327	-3.711906461	-1.66E-07	0.033333347
-1.73620014	-0.001213793	0.0280944	-3.702613122	-1.73E-07	0.033333347
-1.727720065	-0.001693927	0.029024652	-3.693319784	-1.79E-07	0.033333348
-1.719532504	-0.001145647	0.029922817	-3.684026445	-1.86E-07	0.033333348
-1.710297716	-0.000547749	0.030559563	-3.674733107	-1.93E-07	0.033333349
-1.702439573	-0.000338677	0.030544443	-3.665439768	-2.00E-07	0.03333335
-1.694440198	-0.001306075	0.030529051	-3.65614643	-2.07E-07	0.03333335
-1.686335055	0.000821758	0.030683723	-3.646853092	-2.14E-07	0.033333351
-1.67709107	0.000800507	0.031040349	-3.637559754	-2.21E-07	0.033333351
-1.668268972	-0.000483142	0.031380699	-3.628266416	-2.28E-07	0.033333352
-1.661698809	6.09732E-05	0.031013423	-3.618973078	-2.35E-07	0.033333353
-1.653354158	0.001470375	0.030234161	-3.609679741	-2.42E-07	0.033333353
-1.643957045	0.000727103	0.029356615	-3.600386403	-2.50E-07	0.033333354
-1.637807692	0.000411822	0.02948369	-3.591093066	-2.58E-07	0.033333355
-1.626940394	0.001692767	0.029908737	-3.581799728	-2.65E-07	0.033333355
-1.620566981	0.000543813	0.030158017	-3.572506391	-2.73E-07	0.033333356
-1.612209019	0.000778875	0.030262917	-3.563213054	-2.81E-07	0.033333357
-1.604167496	0.000473801	0.029985452	-3.553919717	-2.89E-07	0.033333357
-1.595797743	0.000256438	0.029696661	-3.54462638	-2.97E-07	0.033333358
-1.588150836	-0.001424222	0.029759029	-3.535333043	-3.05E-07	0.033333359
-1.579927327	0.000472246	0.03014788	-3.526039706	-3.13E-07	0.033333359
-1.571480842	0.000350819	0.030547273	-3.51674637	-3.22E-07	0.03333336
-1.56266201	-0.001303571	0.030552851	-3.507453033	-3.30E-07	0.033333361
-1.554670528	-6.56304E-05	0.029813081	-3.498159697	-3.39E-07	0.033333362
-1.547196326	-9.55115E-05	0.029121197	-3.488866361	-3.48E-07	0.033333362
-1.537614311	-0.000184189	0.029120895	-3.479573025	-3.56E-07	0.033333363
-1.531549199	-0.000949864	0.029658819	-3.470279689	-3.65E-07	0.033333364
-1.523500037	0.000316322	0.030372711	-3.460986353	-3.74E-07	0.033333365
-1.515109756	-0.001000999	0.031624114	-3.451693017	-3.84E-07	0.033333366
-1.506758496	0.001706252	0.033017186	-3.442399682	-3.93E-07	0.033333366
-1.496339854	0.000473871	0.034755119	-3.433106347	-4.02E-07	0.033333367
-1.488663483	0.00137608	0.032759709	-3.423813011	-4.12E-07	0.033333368
-1.481442143	-0.001563146	0.03087926	-3.414519676	-4.22E-07	0.033333369
-1.473738615	-0.000401642	0.028873249	-3.405226341	-4.32E-07	0.03333337
-1.466653874	0.000576536	0.030240629	-3.395933007	-4.42E-07	0.033333371
-1.456208886	0.001422259	0.033529022	-3.386639672	-4.52E-07	0.033333372
-1.44841071	0.001410466	0.034486964	-3.377346338	-4.62E-07	0.033333373
-1.439963698	0.001765001	0.033396957	-3.368053003	-4.72E-07	0.033333374
-1.432441069	-0.001262878	0.032426232	-3.358759669	-4.83E-07	0.033333375
-1.424793995	0.001173834	0.031439449	-3.349466335	-4.94E-07	0.033333376
-1.41664152	-0.000237609	0.030910426	-3.340173001	-5.04E-07	0.033333377
-1.408004268	-0.00017506	0.03049199	-3.330879668	-5.15E-07	0.033333378
-1.400195571	-0.001254551	0.030113693	-3.321586334	-5.27E-07	0.033333379
-1.390684996	-4.69318E-05	0.030016535	-3.312293001	-5.38E-07	0.03333338
-1.38257196	-0.002248398	0.030040706	-3.302999668	-5.49E-07	0.033333381
-1.37508859	-0.001064451	0.030063001	-3.293706335	-5.61E-07	0.033333382
-1.364874247	-0.00086884	0.029541726	-3.284413002	-5.73E-07	0.033333383
-1.358310742	-0.002120955	0.028806128	-3.27511967	-5.85E-07	0.033333384
-1.349829635	-0.001101109	0.027855617	-3.265826337	-5.97E-07	0.033333385
-1.340822849	0.00192542	0.029568959	-3.256533005	-6.09E-07	0.033333386
-1.334055364	-0.000387539	0.03162597	-3.247239673	-6.21E-07	0.033333388
-1.32571743	0.000195378	0.034160327	-3.237946341	-6.34E-07	0.033333389
-1.316570415	-0.000875498	0.032299692	-3.22865301	-6.47E-07	0.03333339
-1.308887668	-0.000729085	0.030024639	-3.219359679	-6.60E-07	0.033333391
-1.300408806	0.000660901	0.027513837	-3.210066347	-6.73E-07	0.033333392
-1.293121343	-0.000411712	0.028614192	-3.200773016	-6.86E-07	0.033333394
-1.284591709	-0.00021487	0.030911303	-3.191479686	-7.00E-07	0.033333395
-1.27672746	-0.000355116	0.033029219	-3.182186355	-7.14E-07	0.033333396
-1.267644742	9.49528E-05	0.031917453	-3.172893025	-7.28E-07	0.033333398
-1.260147095	-0.000180554	0.030774448	-3.163599695	-7.42E-07	0.033333399
-1.25166057	0.000502707	0.029480691	-3.154306365	-7.56E-07	0.033333401
-1.242686173	0.000541823	0.028542588	-3.145013035	-7.71E-07	0.033333402
-1.233249413	-0.000358015	0.02778272	-3.135719706	-7.85E-07	0.033333403
-1.227455538	0.000292552	0.027316185	-3.126426377	-8.00E-07	0.033333405
-1.217745976	0.000137233	0.028474465	-3.117133048	-8.16E-07	0.033333406
-1.208879261	-5.71115E-05	0.030178208	-3.107839719	-8.31E-07	0.033333408
-1.201567414	0.000663453	0.031335938	-3.098546391	-8.47E-07	0.033333409
-1.194229537	0.001798282	0.031755182	-3.089253063	-8.63E-07	0.033333411
-1.185209648	1.67217E-05	0.032270526	-3.079959735	-8.79E-07	0.033333413
-1.177432067	0.001105741	0.032710204	-3.070666408	-8.95E-07	0.033333414
-1.171468023	0.001123674	0.03289832	-3.06137308	-9.12E-07	0.033333416
-1.159574745	0.002453343	0.033273454	-3.052079753	-9.28E-07	0.033333418
-1.152820839	0.001020141	0.033486483	-3.042786427	-9.46E-07	0.033333419
-1.143499626	-0.000123978	0.032188725	-3.0334931	-9.63E-07	0.033333421
-1.136158088	0.000390123	0.031134128	-3.024199774	-9.81E-07	0.033333423
-1.127936453	0.000210491	0.029959735	-3.014906448	-9.98E-07	0.033333425
-1.119986714	0.000906645	0.02981301	-3.005613123	-1.02E-06	0.033333426
-1.11167843	0.000625189	0.029659668	-2.996319797	-1.04E-06	0.033333428
-1.104028132	0.001126433	0.030242665	-2.987026472	-1.05E-06	0.03333343
-1.093354887	0.001194327	0.033191588	-2.977733148	-1.07E-06	0.033333432
-1.086192055	0.001938309	0.035170614	-2.968439824	-1.09E-06	0.033333434
-1.079127178	0.00060023	0.035443534	-2.9591465	-1.11E-06	0.033333436
-1.069947374	0.000915862	0.033790271	-2.949853176	-1.13E-06	0.033333438
-1.061409887	-0.000579492	0.032252688	-2.940559853	-1.15E-06	0.03333344
-1.054496964	0.002348847	0.031418379	-2.93126653	-1.17E-06	0.033333442
-1.044016892	0.000997703	0.031064989	-2.921973207	-1.19E-06	0.033333445
-1.03752269	0.002148325	0.030846004	-2.912679885	-1.21E-06	0.033333447
-1.031463183	0.001319658	0.030726217	-2.903386563	-1.24E-06	0.033333449
-1.02133111	0.00153711	0.03112435	-2.894093242	-1.26E-06	0.033333451
-1.012891543	0.002761053	0.031455977	-2.884799921	-1.28E-06	0.033333454
-1.005356705	-0.000575002	0.031833504	-2.8755066	-1.30E-06	0.033333456
-0.997153998	0.000635835	0.032486503	-2.86621328	-1.32E-06	0.033333459
-0.986983868	-5.84081E-05	0.033296124	-2.85691996	-1.35E-06	0.033333461
-0.979026295	0.001649146	0.034431529	-2.847626641	-1.37E-06	0.033333464
-0.973821554	0.001023153	0.035234198	-2.838333322	-1.40E-06	0.033333466
-0.964588449	0.001097496	0.036658116	-2.829040003	-1.42E-06	0.033333469
-0.956871196	0.000680078	0.03600438	-2.819746685	-1.44E-06	0.033333471
-0.947407171	0.000158638	0.032638462	-2.810453368	-1.47E-06	0.033333474
-0.937551729	7.72613E-05	0.030206501	-2.80116005	-1.50E-06	0.033333477
-0.930079548	0.000892129	0.031551363	-2.791866734	-1.52E-06	0.03333348
-0.922065591	0.000637882	0.032993736	-2.782573417	-1.55E-06	0.033333483
-0.913228693	0.001046101	0.034443175	-2.773280102	-1.57E-06	0.033333485
-0.906872973	0.000898695	0.034376292	-2.763986786	-1.60E-06	0.033333488
-0.898902196	0.001054615	0.034292413	-2.754693472	-1.63E-06	0.033333492
-0.890245104	-0.000800109	0.034201312	-2.745400157	-1.66E-06	0.033333495
-0.880424578	0.001533955	0.033717253	-2.736106844	-1.69E-06	0.033333498
-0.874894842	-0.000410373	0.033250416	-2.72681353	-1.71E-06	0.033333501
-0.863129739	0.001012213	0.032253791	-2.717520218	-1.74E-06	0.033333504
-0.858170897	0.000664168	0.031778589	-2.708226905	-1.77E-06	0.033333508
-0.848434255	0.002343286	0.030845534	-2.698933594	-1.80E-06	0.033333511
-0.841075931	0.001874908	0.030140391	-2.689640283	-1.84E-06	0.033333515
-0.834547601	0.002224942	0.029632991	-2.680346972	-1.87E-06	0.033333518
-0.82409222	0.002041065	0.028999276	-2.671053663	-1.90E-06	0.033333522
-0.816606116	-0.000722552	0.028545533	-2.661760353	-1.93E-06	0.033333525
-0.807540926	-0.00029826	0.029003093	-2.652467045	-1.97E-06	0.033333529
-0.800681538	-0.000514854	0.029581218	-2.643173737	-2.00E-06	0.033333533
-0.790819559	0.000232006	0.030377784	-2.633880429	-2.03E-06	0.033333537
-0.783829594	0.001735043	0.030407955	-2.624587123	-2.07E-06	0.033333541
-0.777333074	0.001808518	0.030435997	-2.615293817	-2.10E-06	0.033333545
-0.768733309	-0.000833208	0.030473117	-2.606000511	-2.14E-06	0.033333549
-0.759086752	0.001113882	0.031199339	-2.596707207	-2.18E-06	0.033333554
-0.751822963	-0.000140326	0.032102439	-2.587413903	-2.21E-06	0.033333558
-0.742731561	-0.00016123	0.033226412	-2.578120599	-2.25E-06	0.033333562
-0.735980393	0.000264978	0.033498733	-2.568827297	-2.29E-06	0.033333567
-0.726506329	0.000472667	0.033880886	-2.559533995	-2.33E-06	0.033333571
-0.719807332	6.05772E-05	0.034151103	-2.550240694	-2.37E-06	0.033333576
-0.708532775	0.002131325	0.034032163	-2.540947394	-2.41E-06	0.033333581
-0.701841366	-0.001627767	0.033772684	-2.531654095	-2.45E-06	0.033333586
-0.691740388	0.001926435	0.033239207	-2.522360796	-2.49E-06	0.033333591
-0.683890196	0.000719573	0.032529096	-2.513067498	-2.54E-06	0.033333596
-0.676401089	0.001807434	0.031851649	-2.503774202	-2.58E-06	0.033333601
-0.669640815	0.002400852	0.03124013	-2.494480906	-2.62E-06	0.033333607
-0.659978549	0.001029653	0.03069352	-2.48518761	-2.67E-06	0.033333612
-0.651101319	0.001251962	0.030281267	-2.475894316	-2.71E-06	0.033333618
-0.644748593	0.001609858	0.029999814	-2.466601023	-2.76E-06	0.033333623
-0.635743767	0.000567386	0.029881912	-2.457307731	-2.81E-06	0.033333629
-0.628600384	-0.000279692	0.029788382	-2.448014439	-2.86E-06	0.033333635
-0.622228184	2.24743E-05	0.02970495	-2.438721149	-2.91E-06	0.033333641
-0.60917896	-0.000309982	0.030974986	-2.429427859	-2.96E-06	0.033333647
-0.602806988	0.000627317	0.031903476	-2.420134571	-3.01E-06	0.033333654
-0.596715772	0.001234408	0.032783038	-2.410841284	-3.06E-06	0.03333366
-0.58739501	0.0019301	0.031701789	-2.401547997	-3.11E-06	0.033333667
-0.579886267	0.00019671	0.030830742	-2.392254712	-3.17E-06	0.033333673
-0.570599339	0.000478736	0.03045967	-2.382961428	-3.22E-06	0.03333368
-0.563034347	0.001279774	0.031180127	-2.373668145	-3.28E-06	0.033333687
-0.554135513	0.000946277	0.032027613	-2.364374864	-3.33E-06	0.033333695
-0.546198542	-0.000422595	0.03274405	-2.355081583	-3.39E-06	0.033333702
-0.537534267	0.001276641	0.033456259	-2.345788304	-3.45E-06	0.03333371
-0.530394073	0.002426694	0.034043187	-2.336495026	-3.51E-06	0.033333717
-0.522782321	0.000214273	0.034179484	-2.327201749	-3.57E-06	0.033333725
-0.512589054	0.000785803	0.033513238	-2.317908473	-3.63E-06	0.033333733
-0.503577207	0.001043997	0.03292421	-2.308615199	-3.70E-06	0.033333741
-0.497891111	0.00135183	0.032844031	-2.299321926	-3.76E-06	0.03333375
-0.487568312	0.000660957	0.032816521	-2.290028655	-3.83E-06	0.033333758
-0.47995885	0.00123412	0.032796241	-2.280735385	-3.90E-06	0.033333767
-0.472560249	0.001593973	0.032605739	-2.271442116	-3.96E-06	0.033333776
-0.465176035	0.001006481	0.032156738	-2.262148849	-4.03E-06	0.033333785
-0.456764641	0.001155114	0.031645278	-2.252855584	-4.11E-06	0.033333795
-0.446913722	0.000104772	0.031161028	-2.24356232	-4.18E-06	0.033333804
-0.440225296	0.001228908	0.030877003	-2.234269057	-4.25E-06	0.033333814
-0.430339692	0.001706473	0.03045721	-2.224975797	-4.33E-06	0.033333824
-0.422992721	0.000709849	0.03037874	-2.215682538	-4.40E-06	0.033333835
-0.415105145	0.000839326	0.030314979	-2.20638928	-4.48E-06	0.033333845
-0.408405887	0.001068967	0.030260824	-2.197096024	-4.56E-06	0.033333856
-0.399695207	0.001159597	0.030383753	-2.18780277	-4.64E-06	0.033333867
-0.392772106	0.002687474	0.031318112	-2.178509518	-4.73E-06	0.033333879
-0.382038107	0.000228158	0.032766798	-2.169216268	-4.81E-06	0.03333389
-0.373608647	0.001028733	0.033771686	-2.15992302	-4.90E-06	0.033333902
-0.365397261	0.002444072	0.034743902	-2.150629773	-4.99E-06	0.033333914
-0.358852705	0.000225143	0.035518768	-2.141336529	-5.08E-06	0.033333927
-0.350198731	0.000742586	0.036033337	-2.132043287	-5.17E-06	0.033333939
-0.340208926	0.001775395	0.036095196	-2.122750046	-5.26E-06	0.033333953
-0.333916278	0.000927758	0.036134161	-2.113456808	-5.36E-06	0.033333966
-0.324969919	0.002030208	0.034968608	-2.104163572	-5.45E-06	0.03333398
-0.317096419	-0.001888225	0.033375863	-2.094870338	-5.55E-06	0.033333994
-0.308480162	0.002162489	0.031982272	-2.085577107	-5.65E-06	0.033334008
-0.301924257	0.001490174	0.032841639	-2.076283878	-5.76E-06	0.033334023
-0.291902392	0.001006736	0.034155333	-2.066990651	-5.86E-06	0.033334038
-0.283583422	0.00362443	0.035245808	-2.057697427	-5.97E-06	0.033334053
-0.27631846	-7.67551E-05	0.034845207	-2.048404205	-6.08E-06	0.033334069
-0.269931897	0.001285421	0.034475324	-2.039110986	-6.19E-06	0.033334086
-0.260817227	1.93716E-05	0.03394744	-2.029817769	-6.31E-06	0.033334102
-0.252533725	-0.000554025	0.033123791	-2.020524556	-6.42E-06	0.033334119
-0.244177684	0.001428139	0.032213874	-2.011231345	-6.54E-06	0.033334137
-0.236336727	0.000162704	0.031360046	-2.001938136	-6.66E-06	0.033334155
-0.227977633	0.000449929	0.031253034	-1.992644931	-6.79E-06	0.033334173
-0.219561351	0.000293836	0.031272341	-1.983351729	-6.92E-06	0.033334192
-0.210752229	0.000585989	0.031416776	-1.97405853	-7.04E-06	0.033334212
-0.205562773	0.002351352	0.031881116	-1.964765334	-7.18E-06	0.033334232
-0.195223934	0.002655342	0.032806209	-1.955472141	-7.31E-06	0.033334252
-0.186593449	-0.000323039	0.033700301	-1.946178951	-7.45E-06	0.033334273
-0.17889575	0.001943755	0.035016708	-1.936885765	-7.59E-06	0.033334294
-0.170266928	-0.000522975	0.03649235	-1.927592582	-7.74E-06	0.033334316
-0.164599531	-0.000816906	0.037437524	-1.918299403	-7.88E-06	0.033334339
-0.153445066	-0.000638013	0.036565945	-1.909006228	-8.03E-06	0.033334362
-0.146788868	-0.00169523	0.036045848	-1.899713056	-8.19E-06	0.033334386
-0.138315428	-0.000525731	0.035489737	-1.890419888	-8.35E-06	0.033334411
-0.129632724	0.000215548	0.035764959	-1.881126724	-8.51E-06	0.033334436
-0.122455608	-2.27533E-05	0.035992458	-1.871833564	-8.67E-06	0.033334462
-0.115431823	0.000619924	0.035900239	-1.862540409	-8.84E-06	0.033334488
-0.107000179	0.00193651	0.034598872	-1.853247257	-9.01E-06	0.033334515
-0.099837025	0.000160338	0.033493287	-1.84395411	-9.19E-06	0.033334543
-0.090955671	0.002116778	0.032542165	-1.834660967	-9.36E-06	0.033334572
-0.081945897	-0.000429638	0.03403309	-1.825367829	-9.55E-06	0.033334601
-0.072228593	-4.20E-06	0.035641096	-1.816074696	-9.74E-06	0.033334632
-0.065345037	-0.000219368	0.035947816	-1.806781567	-9.93E-06	0.033334663
-0.056291222	-0.000842905	0.036236752	-1.797488444	-1.01E-05	0.033334695
-0.05009031	0.001589011	0.036434643	-1.788195325	-1.03E-05	0.033334728
-0.040676227	-0.001694521	0.035640513	-1.778902212	-1.05E-05	0.033334762
-0.032715726	-0.000270623	0.034357085	-1.769609105	-1.07E-05	0.033334796
-0.025476254	6.29452E-05	0.033189906	-1.760316002	-1.10E-05	0.033334832
-0.01773213	-0.000415208	0.032270007	-1.751022906	-1.12E-05	0.033334869
-0.011186626	-0.002474643	0.032973259	-1.741729815	-1.14E-05	0.033334907
-0.000187677	-0.001098451	0.034154992	-1.73243673	-1.16E-05	0.033334946
0.009015824	-0.002005924	0.035321822	-1.723143652	-1.19E-05	0.033334985
0.014076432	-0.001495288	0.036138273	-1.71385058	-1.21E-05	0.033335027
0.023778112	-0.001211824	0.037703487	-1.704557514	-1.24E-05	0.033335069
0.029730402	-0.000229313	0.037357643	-1.695264455	-1.26E-05	0.033335112
0.037923834	-0.001480672	0.035861894	-1.685971403	-1.29E-05	0.033335157
0.047796666	-0.001713611	0.034059564	-1.676678358	-1.31E-05	0.033335203
0.052888663	-0.00043502	0.034721904	-1.66738532	-1.34E-05	0.033335251
0.060376195	-0.001112498	0.036414031	-1.65809229	-1.37E-05	0.0333353
0.074004506	-0.001426087	0.03949393	-1.648799267	-1.40E-05	0.03333535
0.079305003	-0.000160192	0.039386458	-1.639506253	-1.43E-05	0.033335402
0.086880283	-0.001802942	0.038639028	-1.630213246	-1.46E-05	0.033335455
0.096507492	-0.001228893	0.03768914	-1.620920248	-1.49E-05	0.03333551
0.103558294	-0.002666126	0.037374601	-1.611627259	-1.52E-05	0.033335567
0.110727774	0.000185239	0.037116259	-1.602334278	-1.55E-05	0.033335625
0.121414784	0.000801974	0.036731167	-1.593041307	-1.58E-05	0.033335685
0.128276633	-0.000957972	0.036961957	-1.583748344	-1.62E-05	0.033335747
0.136037782	-8.93112E-05	0.037413014	-1.574455392	-1.65E-05	0.033335811
0.144395325	-0.001235297	0.037898732	-1.56516245	-1.69E-05	0.033335877
0.150771051	-0.001595726	0.03847736	-1.555869517	-1.72E-05	0.033335945
0.16159546	-0.000538407	0.039812161	-1.546576596	-1.76E-05	0.033336015
0.170027189	0.000540608	0.040851911	-1.537283685	-1.80E-05	0.033336087
0.177231856	0.000305891	0.041203031	-1.527990785	-1.84E-05	0.033336161
0.184940447	0.003480252	0.04087823	-1.518697897	-1.88E-05	0.033336238
0.194630555	0.00192594	0.040469939	-1.509405021	-1.92E-05	0.033336317
0.201642584	0.000921777	0.041017924	-1.500112157	-1.96E-05	0.033336399
0.210728355	0.000390604	0.041885603	-1.490819306	-2.01E-05	0.033336483
0.219097679	0.000866563	0.042684863	-1.481526468	-2.05E-05	0.03333657
0.226946648	0.001040956	0.042918288	-1.472233643	-2.10E-05	0.03333666
0.234463947	0.003238479	0.042124213	-1.462940832	-2.14E-05	0.033336753
0.244698115	0.004208957	0.041043145	-1.453648035	-2.19E-05	0.033336849
0.252284985	-0.000796301	0.040975565	-1.444355253	-2.24E-05	0.033336948
0.259467309	-0.000914169	0.041147975	-1.435062486	-2.29E-05	0.03333705
0.26801731	0.003071084	0.041353215	-1.425769735	-2.35E-05	0.033337155
0.277658834	0.000682482	0.042577163	-1.416476999	-2.40E-05	0.033337264
0.286798004	0.002651183	0.044397927	-1.407184281	-2.45E-05	0.033337377
0.293270933	0.002301482	0.045346863	-1.39789158	-2.51E-05	0.033337493
0.301817478	0.001984183	0.044486979	-1.388598896	-2.57E-05	0.033337614
0.309899386	0.00367338	0.043673842	-1.37930623	-2.63E-05	0.033337738
0.318314694	0.003162429	0.042827162	-1.370013584	-2.69E-05	0.033337867
0.325488318	0.003061311	0.042481467	-1.360720957	-2.75E-05	0.033338
0.332864071	0.003162825	0.042323863	-1.35142835	-2.82E-05	0.033338138
0.341857862	0.002088729	0.042014802	-1.342135764	-2.88E-05	0.03333828
0.349576789	0.004542416	0.041133779	-1.332843199	-2.95E-05	0.033338428
0.35938207	0.003329682	0.040014623	-1.323550657	-3.02E-05	0.03333858
0.367408482	0.002935512	0.039470527	-1.314258137	-3.10E-05	0.033338738
0.375807554	0.004657932	0.039623632	-1.304965641	-3.17E-05	0.033338901
0.383345353	0.00484119	0.039761038	-1.295673169	-3.25E-05	0.033339071
0.390290211	0.003688778	0.039887635	-1.286380723	-3.33E-05	0.033339246
0.399530542	0.005048537	0.039878081	-1.277088303	-3.41E-05	0.033339427
0.408704185	0.005280094	0.039844819	-1.267795909	-3.49E-05	0.033339615
0.416494226	0.00345537	0.039251914	-1.258503544	-3.58E-05	0.03333981
0.424036551	0.00325196	0.03788478	-1.249211207	-3.67E-05	0.033340012
0.432178828	0.003628085	0.036408899	-1.239918901	-3.76E-05	0.033340221
0.442450904	0.005334149	0.035502777	-1.230626625	-3.85E-05	0.033340438
0.449229605	0.004250104	0.036203033	-1.221334381	-3.95E-05	0.033340663
0.460047991	0.005508479	0.037320599	-1.21204217	-4.05E-05	0.033340897
0.466037987	0.006161453	0.037290917	-1.202749993	-4.15E-05	0.033341139
0.474276021	0.00418222	0.036175554	-1.193457852	-4.26E-05	0.03334139
0.482272777	0.005131856	0.035092857	-1.184165747	-4.36E-05	0.03334165
0.489957792	0.004798379	0.034268525	-1.17487368	-4.48E-05	0.033341921
0.497522175	0.004781251	0.033666254	-1.165581652	-4.59E-05	0.033342202
0.504735139	0.00434814	0.033091962	-1.156289665	-4.71E-05	0.033342493
0.514801843	0.004600115	0.031931702	-1.14699772	-4.83E-05	0.033342796
0.522704416	0.005673431	0.030830225	-1.137705819	-4.96E-05	0.03334311
0.529022429	0.004365196	0.029949607	-1.128413963	-5.09E-05	0.033343437
0.537557609	0.005320262	0.03004387	-1.119122154	-5.22E-05	0.033343777
0.545649639	0.004776255	0.031059718	-1.109830393	-5.36E-05	0.033344129
0.555677285	0.005760427	0.032318557	-1.100538683	-5.51E-05	0.033344496
0.562953119	0.003226212	0.03259535	-1.091247024	-5.65E-05	0.033344878
0.569779207	0.005790189	0.032574407	-1.08195542	-5.81E-05	0.033345274
0.57906153	0.005931649	0.032545927	-1.072663871	-5.96E-05	0.033345687
0.588897926	0.004410778	0.031781499	-1.063372382	-6.13E-05	0.033346116
0.59753005	0.006751805	0.031076832	-1.054080951	-6.29E-05	0.033346563
0.603160341	0.003826254	0.030617214	-1.044789585	-6.47E-05	0.033347029
0.612856692	0.003869518	0.030634621	-1.035498282	-6.64E-05	0.033347513
0.618613339	0.003030036	0.030842942	-1.026207048	-6.83E-05	0.033348017
0.628434702	0.003739008	0.031198357	-1.016915882	-7.02E-05	0.033348543
0.635928555	0.00342115	0.031116024	-1.00762479	-7.22E-05	0.03334909
0.643575659	0.004039153	0.030993784	-0.998333773	-7.42E-05	0.03334966
0.652053488	0.001306216	0.030858264	-0.989042835	-7.63E-05	0.033350255
0.660485094	0.001826	0.031316743	-0.979751977	-7.85E-05	0.033350875
0.668924293	0.003500854	0.03202238	-0.970461205	-8.07E-05	0.033351522
0.67484375	0.003455519	0.032517331	-0.96117052	-8.30E-05	0.033352196
0.683669277	0.001092721	0.031769326	-0.951879927	-8.54E-05	0.0333529
0.692024903	0.002232498	0.030642493	-0.942589427	-8.79E-05	0.033353634
0.70084741	0.003818179	0.029452697	-0.933299029	-9.05E-05	0.033354401
0.707471385	0.001966262	0.030151904	-0.92400873	-9.31E-05	0.033355202
0.717629575	0.00225979	0.031784169	-0.91471854	-9.59E-05	0.033356038
0.724522938	0.001916282	0.032449076	-0.90542846	-9.87E-05	0.033356912
0.732204325	0.001035927	0.031617498	-0.896138496	-0.000101635	0.033357825
0.739891117	-0.001112387	0.030785335	-0.886848651	-0.000104678	0.033358779
0.748549477	0.000190516	0.029847991	-0.877558932	-0.000107828	0.033359777
0.758863801	-8.28888E-05	0.029409242	-0.868269341	-0.00011109	0.03336082
0.765344958	-0.000697907	0.029277151	-0.858979887	-0.000114468	0.033361911
0.772664918	-0.001310144	0.029159568	-0.849690573	-0.000117967	0.033363053
0.780990137	-0.001210786	0.029412662	-0.840401406	-0.000121592	0.033364249
0.790197476	-0.001285588	0.029692575	-0.831112392	-0.000125348	0.0333655
0.799842721	-0.001510717	0.029423534	-0.821823536	-0.000129241	0.033366811
0.804404809	-0.001222147	0.029158283	-0.812534846	-0.000133274	0.033368184
0.813874416	-0.001319017	0.028607696	-0.80324633	-0.000137456	0.033369622
0.820734207	-0.000765842	0.02820885	-0.793957991	-0.000141791	0.03337113
0.829367887	-0.0015297	0.029576966	-0.784669843	-0.000146287	0.033372711
0.836418847	-0.00176585	0.030811153	-0.775381886	-0.00015095	0.033374369
0.844742838	-0.001338962	0.031844656	-0.766094137	-0.000155786	0.033376108
0.849520336	-0.003344718	0.032220705	-0.756806598	-0.000160803	0.033377933
0.860438051	-0.002037454	0.033080065	-0.747519281	-0.000166009	0.033379849
0.869822426	-0.00232872	0.033594995	-0.738232194	-0.000171411	0.033381861
0.876559741	-0.00452622	0.033815106	-0.728945351	-0.00017702	0.033383974
0.88531993	-0.003009253	0.034101306	-0.719658755	-0.00018284	0.033386194
0.89502272	-0.002909264	0.033475624	-0.710372426	-0.000188885	0.033388528
0.901540038	-0.006142657	0.032026071	-0.701086366	-0.00019516	0.03339098
0.910082975	-0.003915555	0.03012599	-0.691800597	-0.00020168	0.033393561
0.91713159	-0.004625629	0.029412664	-0.682515119	-0.000208449	0.033396274
0.925055403	-0.005201374	0.030513959	-0.673229961	-0.000215484	0.033399131
0.937081956	-0.004097855	0.032185475	-0.663945121	-0.000222791	0.033402136
0.942141409	-0.005355431	0.032693624	-0.654660625	-0.000230387	0.033405303
0.950973297	-0.005041748	0.033146853	-0.64537648	-0.000238279	0.033408638
0.957740087	-0.006314345	0.033494107	-0.636092708	-0.000246485	0.033412152
0.96832494	-0.004581361	0.033891414	-0.62680932	-0.000255013	0.033415856
0.974030361	-0.005337287	0.034074742	-0.617526339	-0.000263884	0.033419762
0.980874101	-0.004951362	0.034294647	-0.608243776	-0.000273105	0.033423882
0.989442778	-0.004549652	0.034377226	-0.598961659	-0.000282699	0.03342823
0.999721074	-0.006169226	0.034337418	-0.589679999	-0.000292675	0.033432818
1.007189526	-0.004363696	0.034308493	-0.580398823	-0.000303056	0.033437665
1.01597537	-0.004679552	0.034277348	-0.571118149	-0.000313853	0.033442782
1.023572778	-0.004557244	0.034253399	-0.561838004	-0.000325091	0.033448192
1.03058459	-0.006774519	0.034231296	-0.552558406	-0.000336784	0.033453909
1.038028971	-0.00449885	0.034485335	-0.543279385	-0.000348956	0.033459955
1.048784037	-0.004588721	0.035365077	-0.534000965	-0.000361623	0.03346635
1.056225693	-0.005222352	0.035973788	-0.524723177	-0.000374812	0.03347312
1.064431126	-0.006188261	0.036364295	-0.515446042	-0.00038854	0.033480284
1.072020785	-0.005527563	0.036621602	-0.506169598	-0.000402835	0.033487873
1.081341314	-0.006158368	0.036937589	-0.496893873	-0.00041772	0.033495914
1.090326819	-0.005680174	0.037858988	-0.4876189	-0.000433219	0.033504435
1.096881368	-0.005692266	0.038732894	-0.478344713	-0.000449362	0.03351347
1.106352646	-0.007219369	0.039995682	-0.469071349	-0.000466172	0.033523053
1.113780196	-0.00495505	0.040106039	-0.459798839	-0.000483681	0.033533221
1.122354564	-0.007031325	0.039616938	-0.450527234	-0.000501915	0.033544016
1.129805391	-0.004555711	0.039191927	-0.44125656	-0.000520909	0.033555477
1.136987768	-0.006200545	0.039152151	-0.431986873	-0.00054069	0.033567653
1.143419737	-0.004949874	0.039280971	-0.422718211	-0.000561294	0.033580594
1.154601946	-0.005849461	0.039504927	-0.413450617	-0.000582752	0.033594351
1.162591805	-0.005144598	0.039550622	-0.404184148	-0.000605104	0.033608985
1.171340602	-0.004056662	0.039549911	-0.394918838	-0.000628378	0.03362455
1.179209418	-0.004372831	0.039874764	-0.385654767	-0.000652622	0.033641127
1.187430033	-0.003585706	0.041208302	-0.376391943	-0.000677857	0.033658766
1.195632486	-0.005737336	0.042538894	-0.36713048	-0.000704143	0.033677571
1.203284909	-0.003076185	0.043471898	-0.357870381	-0.000731492	0.033697597
1.213229069	-0.002147822	0.042376721	-0.348611747	-0.000759975	0.033718958
1.218460981	-0.003566837	0.041800516	-0.339354602	-0.000789598	0.033741726
1.22714854	-0.004669772	0.040843732	-0.330099044	-0.000820436	0.033766028
1.23588925	-0.002839547	0.040693164	-0.320845109	-0.000852494	0.033791954
1.245236709	-0.004012943	0.040869907	-0.311592886	-0.000885845	0.033819644
1.252968056	-0.003300099	0.041021212	-0.302342416	-0.000920496	0.033849204
1.259848677	-0.002851796	0.041234134	-0.293093795	-0.000956512	0.033880798
1.269809942	-0.0019377	0.041542388	-0.283847056	-0.000993905	0.033914545
1.27825659	-0.002543538	0.04151778	-0.274602295	-0.001032726	0.033950631
1.28751644	-0.000396513	0.040572172	-0.265359562	-0.001072992	0.033989202
1.294672523	-0.000247269	0.039841398	-0.256118922	-0.001114727	0.034030456
1.304089413	-0.001428028	0.038879753	-0.246880459	-0.001157963	0.034074585
1.31108273	0.000508318	0.038875577	-0.237644167	-0.001202684	0.034121771
1.319312302	0.001034314	0.039002529	-0.228410177	-0.001248933	0.034172265
1.328017219	-0.002361821	0.039101623	-0.219178454	-0.00129665	0.034226257
1.337412169	-0.00032045	0.038730583	-0.209949104	-0.001345878	0.034284026
1.344905061	-0.002326465	0.038434663	-0.200722089	-0.001396514	0.034345783
1.352676628	-5.23321E-05	0.038446373	-0.1914975	-0.001448585	0.034411851
1.360107071	-8.77987E-05	0.038570828	-0.182275249	-0.001501944	0.034482423
1.370540333	-0.000868961	0.038745578	-0.173055397	-0.001556582	0.034557864
1.379067356	0.000184951	0.038731321	-0.16383784	-0.001612304	0.034638378
1.383954261	-0.000285839	0.038646477	-0.154622556	-0.00166905	0.034724319
1.393110565	5.09003E-05	0.03848751	-0.145409394	-0.001726569	0.034815882
1.402398159	0.001020643	0.038326264	-0.136198308	-0.001784723	0.03491344
1.410273618	0.000970953	0.037791622	-0.12698908	-0.0018432	0.035017171
1.418841818	0.000587402	0.037195016	-0.117781596	-0.001901789	0.035127406
1.428279606	0.000344073	0.037269084	-0.108575505	-0.001960101	0.035244254
1.434334415	0.001186967	0.03785515	-0.099370635	-0.002017826	0.035367993
1.444183168	0.000136746	0.038808447	-0.09016661	-0.002074506	0.035498712
1.451942402	0.001384268	0.039109956	-0.080963115	-0.00212972	0.035636553
1.459519705	-0.00085313	0.038627893	-0.071759745	-0.002182955	0.03578155
1.467248565	-0.000611638	0.038136189	-0.062556007	-0.002233682	0.035933658
1.477378272	-0.000759683	0.037902466	-0.053351454	-0.002281327	0.036092823
1.484523796	0.000936733	0.038163859	-0.044145551	-0.002325286	0.036258869
1.494683129	0.001536484	0.038535501	-0.034937738	-0.00236493	0.036431579
1.501442483	0.001655265	0.036912149	-0.025727455	-0.002399606	0.036610649
1.50930249	0.001194861	0.034212717	-0.016514051	-0.002428658	0.036795671
1.517951798	0.00082003	0.031892265	-0.007296911	-0.00245142	0.036986184
1.526122339	0.000774977	0.032329947	0.001924579	-0.002467278	0.037181669
1.531895721	-0.000223364	0.032639218	0.011151034	-0.002475469	0.037381559
1.542257455	0.002708833	0.033207049	0.02038301	-0.002475368	0.037585045
1.548435821	0.000954262	0.033615984	0.029621254	-0.002466448	0.037791424
1.558084087	0.001240455	0.034254585	0.038866335	-0.002448143	0.037999879
1.56644787	0.000340744	0.034808169	0.048118842	-0.002419859	0.038209441
1.574336278	0.000166567	0.033886857	0.057379213	-0.002381171	0.038419245
1.580613194	0.001877027	0.032351811	0.066648067	-0.002331586	0.038628114
1.591739572	-0.000992745	0.029937072	0.075925737	-0.00227083	0.038835093
1.599893655	-0.002828411	0.030062953	0.085212674	-0.002198522	0.039038918
1.607017202	-0.000310981	0.030172924	0.094509096	-0.002114549	0.03923859
1.615937218	-0.001870141	0.030191132	0.103815391	-0.002018709	0.03943268
1.622846071	-0.002374191	0.029626074	0.113131637	-0.001911027	0.039620129
1.631577943	-0.0022697	0.028911917	0.122457962	-0.001791496	0.039799534
1.639878865	-0.00321371	0.028233005	0.1317943	-0.001660292	0.039969793
1.646912635	-0.000151567	0.027910462	0.141140625	-0.001517642	0.040129616
1.656052212	-0.000749593	0.028112777	0.150496765	-0.001363892	0.040277796
1.662716305	-0.001561052	0.028260295	0.159862443	-0.001199446	0.040413258
1.671130187	-9.41538E-05	0.027711453	0.169237286	-0.001024846	0.040534767
1.681463381	-0.000940985	0.02687615	0.178620881	-0.000840654	0.040641413
1.687582084	-0.001966955	0.026381533	0.188012703	-0.000647581	0.040732149
1.69663581	-0.000587588	0.026553788	0.197412179	-0.000446366	0.040806144
1.705300747	-0.001860762	0.027325184	0.206818652	-0.000237834	0.04086256
1.712700414	-0.001513338	0.027942752	0.216231416	-2.29E-05	0.040900703
1.721196127	-0.001574286	0.027891778	0.225649727	0.000197626	0.040919935
1.72964232	-0.001607606	0.0278411	0.235072717	0.000422627	0.040919685
1.736965955	-0.00436381	0.027872466	0.244499589	0.00065123	0.040899577
1.7476786	-0.002184414	0.028274907	0.253929354	0.000882369	0.040859082
1.754358919	-0.001972199	0.028525867	0.263361585	0.00111468	0.040798061
1.763215902	-0.001537236	0.028808973	0.27279495	0.001347392	0.040716291
1.768057651	-0.002977881	0.02850177	0.282228621	0.00157945	0.040613618
1.778764434	-0.003795781	0.027822437	0.291661736	0.001809693	0.040490028
1.785268012	-0.002585923	0.027647926	0.301093433	0.002037079	0.040345592
1.794012976	-0.001801169	0.028319421	0.310522872	0.002260569	0.040180454
1.801487798	-0.003822188	0.028893386	0.319949201	0.002479121	0.039994861
1.810045793	-0.004878291	0.029550525	0.329371677	0.002691802	0.039789178
1.817741173	-0.004039099	0.028870972	0.33878951	0.002897611	0.039563807
1.825074674	-0.003704571	0.02811511	0.348202064	0.003095701	0.039319353
1.834509497	-0.00512735	0.027142666	0.357608674	0.00328521	0.039056314
1.843428313	-0.005610757	0.027869475	0.367008789	0.003465341	0.038775547
1.849574962	-0.00505511	0.02841793	0.376401913	0.003635371	0.03847769
1.858538377	-0.005669033	0.029217719	0.385787616	0.003794625	0.038163694
1.867478947	-0.005590397	0.027696355	0.395165553	0.00394246	0.037834401
1.876123889	-0.006104962	0.026095615	0.404535449	0.004078378	0.037490795
1.884859886	-0.004120138	0.025134445	0.413897051	0.004201814	0.037133853
1.89203143	-0.005712718	0.026147284	0.423250224	0.004312349	0.036764684
1.899005624	-0.006549248	0.027132252	0.432594987	0.004409593	0.036384285
1.907430094	-0.006848308	0.028225019	0.441931219	0.004493156	0.035993839
1.917690258	-0.006923438	0.02851062	0.45125904	0.004562769	0.035594315
1.925099435	-0.004517608	0.028716862	0.460578524	0.004618153	0.03518696
1.934060794	-0.004984572	0.028727533	0.469889804	0.004658986	0.034772821
1.940470845	-0.005503921	0.0280058	0.479193185	0.0046852	0.034353094
1.949714052	-0.006325977	0.02696507	0.488488771	0.004696438	0.033928854
1.957148554	-0.005022051	0.026775305	0.497776902	0.00469268	0.033501314
1.965279302	-0.006428274	0.027677303	0.507057869	0.004673671	0.033071494
1.974841093	-0.007970631	0.028738056	0.516331989	0.004639319	0.032640717
1.981556923	-0.005041157	0.029423601	0.525599715	0.004589552	0.032209983
1.990995484	-0.006327892	0.029887839	0.534861218	0.004524158	0.031780572
1.998713788	-0.006655933	0.030267466	0.544116987	0.004443103	0.031353608
2.005949659	-0.006200487	0.03076069	0.553367359	0.004346262	0.03093026
2.01512411	-0.007618388	0.031497756	0.562612713	0.004233589	0.030511865
2.024598059	-0.00907699	0.032258884	0.571853454	0.004105043	0.030099488
2.032176345	-0.009585765	0.032020827	0.581089793	0.003960505	0.029694553
2.040125556	-0.007400868	0.031383263	0.590322267	0.003800061	0.029298261
2.050105896	-0.006296341	0.030582793	0.599551072	0.003623636	0.028911962
2.055879106	-0.006934578	0.030119755	0.608776515	0.00343134	0.028537064
2.065199425	-0.007146632	0.030731323	0.617998943	0.003223276	0.028174872
2.073336011	-0.006282	0.031336554	0.627218569	0.002999541	0.027826844
2.081841781	-0.007893552	0.031876898	0.636435724	0.002760467	0.027494363
2.090596628	-0.007685821	0.032307652	0.645650524	0.002506276	0.027178967
2.098940238	-0.005034998	0.032718173	0.654863211	0.00223744	0.026881989
2.104235535	-0.006706648	0.032978711	0.664073969	0.001954448	0.026604986
2.113736122	-0.006580924	0.031633291	0.673282988	0.001657967	0.026349261
2.120362741	-0.007769323	0.030617478	0.682490387	0.001348746	0.026116248
2.12992938	-0.007692416	0.030224671	0.691696345	0.001027761	0.025907175
2.139321835	-0.00599111	0.031053255	0.70090097	0.000696029	0.025723286
2.147380511	-0.00781284	0.031764175	0.710104434	0.000354823	0.025565619
2.154885263	-0.008215222	0.032231319	0.719306855	5.46E-06	0.025435145
2.165830171	-0.006194652	0.032856685	0.728508363	-0.00035057	0.025332632
2.170998286	-0.007787488	0.033151979	0.737709109	-0.000711673	0.02525873
2.179033649	-0.005538188	0.033339019	0.746909274	-0.001076208	0.025213858
2.188495413	-0.007325067	0.032749603	0.756109052	-0.001442508	0.025198376
2.196875367	-0.006465944	0.032227579	0.765308148	-0.001808349	0.025212293
2.205399327	-0.007868097	0.032392686	0.774507139	-0.002172404	0.025255545
2.214543201	-0.006452937	0.032732144	0.783706101	-0.00253283	0.025327886
2.22057289	-0.006606114	0.032955991	0.792905146	-0.002887913	0.025428868
2.229142041	-0.007902053	0.032806747	0.802104417	-0.00323602	0.025557842
2.239162866	-0.005330492	0.031914544	0.811304069	-0.003575649	0.025714051
2.246429343	-0.00584104	0.031267574	0.820504257	-0.003905413	0.025896492
2.254276964	-0.005519207	0.030974182	0.829705161	-0.00422405	0.026104128
2.261985447	-0.005539355	0.030919994	0.838906912	-0.004530508	0.026335701
2.271238267	-0.005370507	0.03085495	0.848109789	-0.004823772	0.026589952
2.279467927	-0.005736991	0.030664391	0.857313935	-0.005103089	0.026865453
2.287782316	-0.003833712	0.030229778	0.866519606	-0.005367767	0.027160875
2.295610726	-0.006845954	0.029820569	0.87572701	-0.005617276	0.027474607
2.304979694	-0.005905749	0.029743313	0.884936452	-0.005851139	0.027805302
2.314552384	-0.005927832	0.030183368	0.894148157	-0.006069101	0.028151362
2.32213102	-0.00417969	0.030531757	0.903362529	-0.006270811	0.028511433
2.328758538	-0.005990096	0.030681786	0.912579829	-0.006456194	0.028884028
2.336421354	-0.008250633	0.030776907	0.921800505	-0.006625042	0.029267751
2.344187428	-0.005809096	0.030873311	0.931024932	-0.006777324	0.029661188
2.354832283	-0.007543586	0.031033992	0.940253499	-0.006913045	0.030063042
2.364662087	-0.004370753	0.031184911	0.949486699	-0.007032089	0.030471982
2.370360264	-0.006455322	0.031272397	0.958724878	-0.007134595	0.030886616
2.379690289	-0.00503428	0.031587192	0.967968644	-0.007220526	0.031305825
2.386698665	-0.006953434	0.031968022	0.977218363	-0.007289969	0.031728181
2.393008203	-0.003565249	0.032310877	0.986474531	-0.00734299	0.032152625
2.404438864	-0.004971559	0.032848281	0.99573764	-0.007379595	0.032577844
2.411588953	-0.005461096	0.033124062	1.005008135	-0.00739997	0.033002623
2.420061914	-0.004739103	0.033450865	1.014286506	-0.007404118	0.033425829
2.429413074	-0.005720347	0.033239448	1.023573112	-0.007392204	0.033846184
2.439015101	-0.006337068	0.033014395	1.032868384	-0.007364346	0.03426261
2.444585082	-0.007790818	0.032855321	1.042172858	-0.007320568	0.03467379
2.453767634	-0.006062287	0.032515507	1.051486675	-0.007261205	0.035078593
2.462973797	-0.007069344	0.03217482	1.060810281	-0.007186269	0.035475786
2.468476498	-0.00508944	0.031971185	1.070143836	-0.007096079	0.035864245
2.478938509	-0.006682821	0.03236292	1.079487686	-0.006990792	0.036242657
2.486826235	-0.004685269	0.032698527	1.088841938	-0.006870718	0.036609977
2.494879329	-0.005999689	0.033041169	1.098206687	-0.006736171	0.036964884
2.503669569	-0.006331593	0.032558417	1.107581957	-0.006587507	0.037306343
2.511798028	-0.006179176	0.032060578	1.116967776	-0.0064251	0.037633133
2.516809417	-0.004671485	0.031753649	1.126363914	-0.006249484	0.03794419
2.52868	-0.004014337	0.031382847	1.135770381	-0.006061109	0.038238379
2.535592529	-0.004947602	0.03133471	1.145186755	-0.005860617	0.038514709
2.54598193	-0.004252346	0.031428454	1.154612803	-0.005648585	0.03877216
2.552856875	-0.007034568	0.031807515	1.164048041	-0.005425741	0.039009891
2.560652656	-0.006569994	0.032237347	1.173491993	-0.005192847	0.039226972
2.569573686	-0.005620735	0.032604499	1.182944101	-0.004950722	0.039422703
2.577735893	-0.006471255	0.032110642	1.192403757	-0.00470023	0.039596323
2.586682205	-0.005846011	0.031569341	1.20187023	-0.004442316	0.039747284
2.595151701	-0.007479333	0.031056891	1.211342852	-0.0041779	0.039875047
2.603326639	-0.005806778	0.031914521	1.22082072	-0.003908056	0.039979166
2.612904227	-0.006707405	0.032975041	1.230303134	-0.003633746	0.040059301
2.621022528	-0.005575839	0.033596816	1.239789092	-0.003356105	0.040115182
2.628446535	-0.006149179	0.032458153	1.249277769	-0.003076095	0.040146647
2.636204063	-0.005996077	0.031268335	1.258768153	-0.00279485	0.040153457
2.645055031	-0.00381669	0.030235293	1.268259771	-0.002513783	0.040135761
2.653594197	-0.005855494	0.030359625	1.277751275	-0.002233643	0.040093536
2.660123239	-0.006276281	0.030454689	1.287241842	-0.001955576	0.040026875
2.668309454	-0.005657243	0.030494764	1.296730622	-0.001680676	0.039935983
2.678458361	-0.005600345	0.030457881	1.306216742	-0.00141005	0.039821152
2.686224221	-0.006340974	0.030429658	1.315699403	-0.001144669	0.039682733
2.693984208	-0.006627366	0.029937261	1.325177756	-0.000885587	0.039521177
2.700479079	-0.004479345	0.029421314	1.334651104	-0.000633698	0.039337044
2.709203387	-0.008090986	0.028728263	1.344118695	-0.000389953	0.039130884
2.71894231	-0.004453801	0.028298044	1.353579916	-0.000155189	0.038903494
2.727250182	-0.005587538	0.028397421	1.363034179	6.98E-05	0.038655541
2.734972005	-0.005295453	0.028489789	1.372480956	0.000284278	0.038387995
2.742607068	-0.005855974	0.028494714	1.381919814	0.000487561	0.03810164
2.749511098	-0.004053273	0.028371019	1.39135041	0.000679049	0.03779762
2.759297996	-0.004804199	0.028195675	1.400772451	0.000858136	0.037476836
2.766514987	-0.004826487	0.028066373	1.410185788	0.001024419	0.037140483
2.777403435	-0.00470686	0.028886907	1.419590194	0.001177327	0.036789551
2.782718776	-0.007051593	0.029349375	1.428985653	0.001316603	0.036425291
2.792610736	-0.005656162	0.029699568	1.438372123	0.001441814	0.036048698
2.800932135	-0.005696036	0.029395614	1.447749711	0.001552737	0.035661161
2.807962292	-0.005943035	0.029138825	1.45711858	0.00164908	0.035263632
2.818631498	-0.006632858	0.029375212	1.466478875	0.001730652	0.034857502
2.826401639	-0.004844078	0.03024226	1.475830772	0.00179722	0.034443778
2.835311596	-0.006003772	0.031236496	1.485174677	0.001848741	0.034023768
2.840853646	-0.005825985	0.031413479	1.494510825	0.001884946	0.033598617
2.850053933	-0.005157333	0.031414534	1.503839587	0.001905816	0.033169506
2.856523608	-0.008896874	0.031415275	1.513161381	0.001911225	0.03273764
2.868484772	-0.004290567	0.031014241	1.522476513	0.001901051	0.032304167
2.874790593	-0.005097293	0.030442332	1.531785551	0.001875324	0.031870288
2.885417431	-0.006113084	0.029478526	1.541088787	0.001833847	0.031437233
2.892383678	-0.006573766	0.029664615	1.550386853	0.001776738	0.031006153
2.901160355	-0.005557569	0.030345589	1.559680056	0.001703833	0.030578317
2.90921412	-0.004793676	0.030970473	1.568968859	0.001615139	0.030154961
2.917870862	-0.003267398	0.031048997	1.578253851	0.001510731	0.029737312
2.924877586	-0.004161426	0.03082782	1.587535296	0.001390496	0.029326728
2.933742512	-0.006835828	0.030547987	1.596813763	0.001254621	0.028924399
2.941352713	-0.004881472	0.030323631	1.606089619	0.00110308	0.028531793
2.950461446	-0.006394603	0.030198712	1.615363318	0.000936042	0.028150139
2.960817208	-0.005576255	0.030056692	1.624635202	0.000753673	0.027780983
2.968536949	-0.006783697	0.029829242	1.633905707	0.000556237	0.027425631
2.97596405	-0.00696223	0.029574618	1.643175111	0.000343999	0.02708554
2.98318413	-0.00531165	0.02932709	1.652443807	0.000117424	0.026762164
2.994581768	-0.005061863	0.028444331	1.661712135	-0.000122962	0.026456913
3.002188841	-0.005872207	0.027574439	1.670980352	-0.000376552	0.026171209
3.008470563	-0.006612064	0.026856104	1.680248835	-0.000642525	0.02590637
3.018598027	-0.007604067	0.027758447	1.68951783	-0.000919999	0.025663748
3.027163157	-0.004912173	0.029139176	1.69878769	-0.001207865	0.025444464
3.03440759	-0.005824497	0.030307004	1.708058676	-0.001504904	0.025249675
3.041885753	-0.007218555	0.02974877	1.717331111	-0.001809701	0.025080289
3.050358509	-0.007196174	0.029023926	1.726605267	-0.002120763	0.024937095
3.058899551	-0.006105913	0.028293242	1.735881484	-0.002436395	0.024820709
3.067556338	-0.005476509	0.028831977	1.745160091	-0.002754879	0.024731536
3.073989121	-0.007179052	0.029281652	1.754441481	-0.003074426	0.024669775
3.082546598	-0.008786689	0.02987985	1.7637256	-0.003392826	0.024635604
3.089387505	-0.005897449	0.029851035	1.773013042	-0.003708371	0.024628569
3.099148516	-0.005724305	0.028846806	1.782304134	-0.004019241	0.024648433
3.107542359	-0.005066379	0.027983234	1.791599133	-0.004323481	0.024694526
3.116063271	-0.005806022	0.029256313	1.800898275	-0.004619342	0.024766021
3.125313226	-0.006856515	0.030683941	1.810201901	-0.004905119	0.024861845
3.135030118	-0.003836966	0.032160185	1.819510205	-0.005179334	0.024980788
3.142214059	-0.005349164	0.032081412	1.82882346	-0.005440599	0.025121436
3.151943018	-0.005812338	0.031974732	1.838141845	-0.005687765	0.02528215
3.16027341	-0.003584063	0.031596083	1.847465567	-0.005919839	0.025461291
3.167674866	-0.004666939	0.030558656	1.856794799	-0.006136031	0.025656936
3.175285866	-0.004969215	0.029491858	1.866129654	-0.006335741	0.025867323
3.180955382	-0.003946245	0.028697189	1.875470199	-0.00651859	0.026090389
3.190310589	-0.004097358	0.029293423	1.88481653	-0.00668432	0.026324331
3.199596551	-0.005889086	0.030334418	1.894168576	-0.006832932	0.026567081
3.206554381	-0.006065098	0.031114419	1.903526392	-0.006964467	0.026816868
3.214709999	-0.003830954	0.031106058	1.912889803	-0.007079264	0.027071802
3.223911781	-0.005201579	0.03016166	1.922258808	-0.007177614	0.027330212
3.232502258	-0.005697359	0.029280002	1.931633106	-0.007260143	0.027590381
3.242201901	-0.003224425	0.02919528	1.941012581	-0.007327331	0.027850877
3.249114813	-0.005028364	0.029196791	1.950396847	-0.007380016	0.028110198
3.257753383	-0.006694327	#VALUE!	1.959785748	-0.00741886	0.028367204
3.267992601	-0.004025353	#VALUE!	1.969178772	-0.007444803	0.028620621
3.272563801	-0.004362374	#VALUE!	1.978575656	-0.007458649	0.028869531
3.282441232	-0.006041212	#VALUE!	1.987975926	-0.007461389	0.029112979
3.29117591	-0.006701472	#VALUE!	1.997379163	-0.007453879	0.029350241
3.299399371	-0.005262408	#VALUE!	2.006784841	-0.007437098	0.029580617
3.307310151	-0.004642825	#VALUE!	2.016192657	-0.007411996	0.02980351
3.315445147	-0.004201043	#VALUE!	2.025602123	-0.007379568	0.030018585
3.325881844	-0.00673964	#VALUE!	2.035012736	-0.007340589	0.030225423
3.334627638	-0.007958401	#VALUE!	2.044424043	-0.007295947	0.030423736
3.340666569	-0.005039358	#VALUE!	2.053835629	-0.007246516	0.030613327
3.351318564	-0.006397968	#VALUE!	2.063247142	-0.00719303	0.030794131
3.358223437	-0.00538482	#VALUE!	2.072658125	-0.007136296	0.030966047
3.365842299	-0.005402363	#VALUE!	2.082068304	-0.007076925	0.031129191
3.37304817	-0.006086823	#VALUE!	2.091477244	-0.007015613	0.031283574
3.383314312	-0.005202208	#VALUE!	2.100884781	-0.006952866	0.031429454
3.389920351	-0.006635209	#VALUE!	2.110290537	-0.00688926	0.031566949
3.399929047	-0.004675643	#VALUE!	2.119694367	-0.006825187	0.031696383
3.407680975	-0.006176969	#VALUE!	2.129096041	-0.006761099	0.031817995
3.417079905	-0.00568425	#VALUE!	2.138495432	-0.006697296	0.031932148
3.424835783	-0.004894452	#VALUE!	2.147892382	-0.006634109	0.032039124
3.432609317	-0.005268114	#VALUE!	2.157286844	-0.006571761	0.03213934
3.441895781	-0.004628997	#VALUE!	2.16667874	-0.006510485	0.032233092
3.449926301	-0.004770316	#VALUE!	2.176068	-0.00645043	0.032320769
3.456262067	-0.006115168	#VALUE!	2.185454619	-0.006391745	0.03240268
3.466767785	-0.005615746	#VALUE!	2.194838599	-0.006334526	0.032479221
3.473125828	-0.005822305	#VALUE!	2.204219963	-0.00627887	0.032550685
3.483100587	-0.005697344	#VALUE!	2.213598728	-0.006224815	0.032617422
3.493320586	-0.006694867	#VALUE!	2.222974913	-0.00617242	0.032679696
3.499335108	-0.004567387	#VALUE!	2.232348609	-0.006121682	0.032737854
3.508782364	-0.005566291	#VALUE!	2.241719833	-0.006072633	0.032792123
3.517555225	-0.00573161	#VALUE!	2.251088672	-0.006025246	0.032842801
3.52466336	-0.005474201	#VALUE!	2.260455179	-0.005979529	0.032890112
3.533441604	-0.005089245	#VALUE!	2.269819455	-0.00593544	0.032934311
3.54253615	-0.007569596	#VALUE!	2.279181527	-0.00589297	0.032975586
3.55015494	-0.005022206	#VALUE!	2.288541515	-0.005852069	0.033014166
3.55630239	-0.004480462	#VALUE!	2.297899438	-0.005812713	0.03305021
3.56515317	-0.005211184	#VALUE!	2.307255423	-0.005774853	0.033083918
3.575209107	-0.005909799	#VALUE!	2.316609516	-0.005738452	0.033115445
3.584005596	-0.005182703	#VALUE!	2.325961787	-0.005703466	0.033144935
3.589447776	-0.00584279	#VALUE!	2.335312315	-0.005669848	0.03317254
3.599108739	-0.007180931	#VALUE!	2.344661168	-0.005637558	0.03319838
3.608802915	-0.006623066	#VALUE!	2.354008413	-0.005606544	0.033222588
3.616299958	-0.004253596	#VALUE!	2.36335412	-0.005576772	0.033245268
3.624258598	-0.005527026	#VALUE!	2.372698342	-0.005548181	0.033266529
3.633066949	-0.005203746	#VALUE!	2.38204115	-0.005520745	0.033286464
3.641437143	-0.005645939	#VALUE!	2.391382604	-0.005494401	0.033305171
3.648803369	-0.006487911	#VALUE!	2.400722756	-0.005469127	0.033322723
3.65895231	-0.004690388	#VALUE!	2.41006167	-0.00544486	0.033339209
3.666507804	-0.00796956	#VALUE!	2.419399388	-0.005421584	0.033354689
3.676113304	-0.008374492	#VALUE!	2.428735982	-0.005399235	0.033369243
3.682658071	-0.006042885	#VALUE!	2.438071473	-0.005377799	0.033382918
3.692038607	-0.006011085	#VALUE!	2.447405934	-0.005357217	0.033395786
3.699825727	-0.006057366	#VALUE!	2.45673939	-0.005337475	0.033407887
3.709579635	-0.005975211	#VALUE!	2.466071902	-0.00531852	0.033419282
3.716488456	-0.005674205	#VALUE!	2.475403493	-0.005300335	0.033430007
3.723817797	-0.005460697	#VALUE!	2.484734224	-0.005282876	0.033440115
3.731748956	-0.007092326	#VALUE!	2.49406411	-0.005266123	0.033449637
3.742472754	-0.006026685	#VALUE!	2.503393211	-0.005250038	0.033458616
3.749466879	-0.006469182	#VALUE!	2.512721543	-0.005234599	0.033467084
3.758565987	-0.006502645	#VALUE!	2.522049151	-0.005219775	0.033475073
3.767294376	-0.004148786	#VALUE!	2.531376061	-0.005205544	0.033482614
3.775023481	-0.006614377	#VALUE!	2.540702302	-0.005191878	0.033489734
3.784290882	-0.005751575	#VALUE!	2.550027907	-0.005178755	0.03349646
3.791519757	-0.005461138	#VALUE!	2.559352901	-0.005166152	0.033502814
3.799505695	-0.004642973	#VALUE!	2.568677315	-0.005154045	0.033508822
3.806289274	-0.006235862	#VALUE!	2.578001167	-0.005142418	0.033514501
3.817269304	-0.004443198	#VALUE!	2.587324491	-0.005131244	0.033519876
3.824184099	-0.006050407	#VALUE!	2.596647298	-0.005120509	0.033524961
3.835732309	-0.008131707	#VALUE!	2.605969623	-0.005110192	0.033529776
3.841475596	-0.007640218	#VALUE!	2.615291478	-0.005100276	0.033534335
3.848984115	-0.005641043	#VALUE!	2.624612887	-0.005090745	0.033538654
3.857991929	-0.005215502	#VALUE!	2.633933871	-0.005081581	0.033542748
3.867659243	-0.007005269	#VALUE!	2.643254442	-0.00507277	0.033546629
3.874690986	-0.007384506	#VALUE!	2.652574625	-0.005064297	0.03355031
3.882683491	-0.004372105	#VALUE!	2.66189443	-0.005056147	0.033553802
3.892220166	-0.005154965	#VALUE!	2.671213879	-0.005048308	0.033557116
3.899791156	-0.005850617	#VALUE!	2.680532981	-0.005040766	0.033560262
3.908415853	-0.005778064	#VALUE!	2.689851756	-0.005033509	0.033563249
3.916907836	-0.006656032	#VALUE!	2.699170214	-0.005026526	0.033566087
3.925845759	-0.00665981	#VALUE!	2.708488371	-0.005019804	0.033568784
3.933755631	-0.006042215	#VALUE!	2.717806238	-0.005013334	0.033571348
3.942631753	-0.007565291	#VALUE!	2.72712383	-0.005007103	0.033573786
3.950597663	-0.004497825	#VALUE!	2.736441152	-0.005001105	0.033576104
3.960536398	-0.004663666	#VALUE!	2.745758223	-0.004995326	0.033578311
3.967087711	-0.004857182	#VALUE!	2.755075046	-0.004989762	0.03358041
3.975578735	-0.004134264	#VALUE!	2.764391639	-0.0049844	0.03358241
3.984820505	-0.006976376	#VALUE!	2.773708004	-0.004979235	0.033584313
3.992143601	-0.006389877	#VALUE!	2.783024156	-0.004974256	0.033586127
			2.792340099	-0.004969459	0.033587855
			2.801655848	-0.004964832	0.033589503
			2.810971402	-0.004960374	0.033591074
			2.820286779	-0.004956072	0.033592573
			2.829601978	-0.004951925	0.033594002
			2.838917011	-0.004947923	0.033595367
			2.848231881	-0.004944063	0.033596669
			2.857546599	-0.004940337	0.033597913
			2.866861166	-0.004936743	0.033599101
			2.876175593	-0.004933271	0.033600237
			2.88548988	-0.004929921	0.033601321
			2.894804039	-0.004926685	0.033602358
			2.904118068	-0.004923562	0.03360335
			2.913431978	-0.004920543	0.033604299
			2.922745769	-0.004917629	0.033605206
			2.932059449	-0.004914812	0.033606074
			2.94137302	-0.00491209	0.033606905
			2.950686489	-0.004909459	0.033607701
			2.959999857	-0.004906917	0.033608463
			2.969313129	-0.004904458	0.033609194
			2.978626308	-0.004902081	0.033609893
			2.987939399	-0.004899782	0.033610564
			2.997252404	-0.004897558	0.033611207
			3.006565326	-0.004895407	0.033611823
			3.01587817	-0.004893325	0.033612414
			3.025190937	-0.004891311	0.033612981
			3.034503631	-0.004889361	0.033613526
			3.043816254	-0.004887474	0.033614048
			3.053128808	-0.004885646	0.03361455
			3.062441297	-0.004883877	0.033615031
			3.071753723	-0.004882163	0.033615494
			3.081066087	-0.004880503	0.033615938
			3.090378393	-0.004878895	0.033616365
			3.099690642	-0.004877337	0.033616776
			3.109002836	-0.004875828	0.03361717
			3.118314977	-0.004874365	0.03361755
			3.127627068	-0.004872947	0.033617914
			3.136939109	-0.004871572	0.033618265
			3.146251103	-0.004870239	0.033618603
			3.155563051	-0.004868946	0.033618928
			3.164874956	-0.004867692	0.033619241
			3.174186817	-0.004866476	0.033619542
			3.183498638	-0.004865297	0.033619832
			3.192810418	-0.004864152	0.033620111
			3.202122161	-0.004863041	0.03362038
			3.211433866	-0.004861963	0.033620639
			3.220745535	-0.004860917	0.033620889
			3.23005717	-0.004859901	0.03362113
			3.239368772	-0.004858914	0.033621362
			3.248680341	-0.004857957	0.033621585
			3.257991879	-0.004857026	0.033621801
			3.267303387	-0.004856123	0.033622009
			3.276614866	-0.004855245	0.03362221
			3.285926317	-0.004854392	0.033622404
			3.29523774	-0.004853564	0.033622591
			3.304549137	-0.004852758	0.033622772
			3.313860508	-0.004851975	0.033622946
			3.323171855	-0.004851214	0.033623114
			3.332483178	-0.004850474	0.033623277
			3.341794478	-0.004849755	0.033623434
			3.351105755	-0.004849056	0.033623586
			3.36041701	-0.004848375	0.033623732
			3.369728245	-0.004847713	0.033623874
			3.379039459	-0.004847069	0.033624011
			3.388350654	-0.004846443	0.033624144
			3.39766183	-0.004845834	0.033624272
			3.406972987	-0.004845241	0.033624395
			3.416284126	-0.004844663	0.033624515
			3.425595248	-0.004844101	0.033624631
			3.434906353	-0.004843554	0.033624743
			3.444217442	-0.004843022	0.033624852
			3.453528514	-0.004842503	0.033624957
			3.462839572	-0.004841998	0.033625059
			3.472150615	-0.004841507	0.033625157
			3.481461643	-0.004841028	0.033625252
			3.490772658	-0.004840561	0.033625345
			3.500083658	-0.004840106	0.033625434
			3.509394646	-0.004839663	0.033625521
			3.518705621	-0.004839231	0.033625605
			3.528016584	-0.004838811	0.033625686
			3.537327534	-0.0048384	0.033625765
			3.546638473	-0.004838001	0.033625841
			3.555949401	-0.004837611	0.033625915
			3.565260318	-0.004837231	0.033625987
			3.574571224	-0.00483686	0.033626057
			3.583882119	-0.004836499	0.033626124
			3.593193005	-0.004836146	0.03362619
			3.602503881	-0.004835803	0.033626253
			3.611814747	-0.004835467	0.033626315
			3.621125604	-0.00483514	0.033626375
			3.630436452	-0.004834821	0.033626433
			3.639747292	-0.004834509	0.033626489
			3.649058123	-0.004834205	0.033626544
			3.658368945	-0.004833908	0.033626597
			3.66767976	-0.004833619	0.033626649
			3.676990567	-0.004833336	0.033626699
			3.686301367	-0.00483306	0.033626747
			3.695612159	-0.004832791	0.033626795
			3.704922944	-0.004832527	0.03362684
			3.714233722	-0.00483227	0.033626885
			3.723544493	-0.004832019	0.033626928
			3.732855258	-0.004831774	0.033626971
			3.742166016	-0.004831535	0.033627012
			3.751476768	-0.004831301	0.033627051
			3.760787514	-0.004831072	0.03362709
			3.770098254	-0.004830849	0.033627128
			3.779408989	-0.004830631	0.033627164
			3.788719718	-0.004830417	0.0336272
			3.798030441	-0.004830209	0.033627234
			3.807341159	-0.004830005	0.033627268
			3.816651872	-0.004829806	0.033627301
			3.82596258	-0.004829611	0.033627333
			3.835273283	-0.004829421	0.033627364
			3.844583981	-0.004829235	0.033627394
			3.853894675	-0.004829052	0.033627423
			3.863205364	-0.004828874	0.033627452
			3.872516049	-0.0048287	0.03362748
			3.881826729	-0.00482853	0.033627507
			3.891137406	-0.004828363	0.033627533
			3.900448078	-0.004828201	0.033627559
			3.909758746	-0.004828041	0.033627584
			3.91906941	-0.004827885	0.033627608
			3.928380071	-0.004827732	0.033627632
			3.937690728	-0.004827583	0.033627655
			3.947001381	-0.004827437	0.033627678
			3.956312031	-0.004827294	0.0336277
			3.965622677	-0.004827154	0.033627721
			3.97493332	-0.004827017	0.033627742
			3.98424396	-0.004826882	0.033627762
			3.993554597	-0.004826751	0.033627782
			4.00286523	-0.004826622	0.033627801
			4.012175861	-0.004826496	0.03362782
			4.021486489	-0.004826373	0.033627839
			4.030797113	-0.004826252	0.033627857
			4.040107735	-0.004826134	0.033627874
			4.049418355	-0.004826018	0.033627891
			4.058728971	-0.004825904	0.033627908
			4.068039585	-0.004825793	0.033627924
			4.077350197	-0.004825684	0.03362794
			4.086660805	-0.004825577	0.033627955
			4.095971412	-0.004825473	0.03362797
			4.105282016	-0.00482537	0.033627985
			4.114592618	-0.00482527	0.033627999
			4.123903218	-0.004825171	0.033628013
			4.133213815	-0.004825075	0.033628027
			4.14252441	-0.00482498	0.03362804
			4.151835003	-0.004824887	0.033628053
			4.161145594	-0.004824797	0.033628066
			4.170456183	-0.004824707	0.033628078
			4.179766771	-0.00482462	0.03362809
			4.189077356	-0.004824534	0.033628102
			4.198387939	-0.00482445	0.033628114
			4.20769852	-0.004824368	0.033628125
			4.2170091	-0.004824287	0.033628136
			4.226319678	-0.004824208	0.033628147
			4.235630254	-0.00482413	0.033628158
			4.244940829	-0.004824054	0.033628168
			4.254251402	-0.004823979	0.033628178
			4.263561973	-0.004823906	0.033628188
			4.272872543	-0.004823834	0.033628197
			4.282183111	-0.004823763	0.033628207
			4.291493678	-0.004823694	0.033628216
			4.300804243	-0.004823626	0.033628225
			4.310114807	-0.004823559	0.033628234
			4.31942537	-0.004823494	0.033628242
			4.328735931	-0.00482343	0.033628251
			4.338046491	-0.004823367	0.033628259
			4.347357049	-0.004823305	0.033628267
			4.356667606	-0.004823244	0.033628275
			4.365978162	-0.004823184	0.033628282
			4.375288717	-0.004823126	0.03362829
			4.384599271	-0.004823068	0.033628297
			4.393909823	-0.004823012	0.033628304
			4.403220374	-0.004822956	0.033628311
			4.412530924	-0.004822902	0.033628318
			4.421841473	-0.004822848	0.033628325
			4.431152021	-0.004822796	0.033628332
			4.440462568	-0.004822744	0.033628338
			4.449773114	-0.004822694	0.033628344
			4.459083659	-0.004822644	0.03362835
			4.468394203	-0.004822595	0.033628357
			4.477704745	-0.004822547	0.033628362
			4.487015287	-0.0048225	0.033628368
			4.496325828	-0.004822454	0.033628374
			4.505636368	-0.004822408	0.033628379
			4.514946908	-0.004822364	0.033628385
			4.524257446	-0.00482232	0.03362839
			4.533567983	-0.004822276	0.033628395
			4.54287852	-0.004822234	0.033628401
			4.552189056	-0.004822192	0.033628406
			4.561499591	-0.004822151	0.03362841
			4.570810125	-0.004822111	0.033628415
			4.580120658	-0.004822071	0.03362842
			4.589431191	-0.004822032	0.033628424
			4.598741723	-0.004821994	0.033628429
			4.608052254	-0.004821957	0.033628433
			4.617362785	-0.00482192	0.033628438
			4.626673314	-0.004821883	0.033628442
			4.635983843	-0.004821848	0.033628446
			4.645294372	-0.004821812	0.03362845
			4.6546049	-0.004821778	0.033628454
			4.663915427	-0.004821744	0.033628458
			4.673225953	-0.00482171	0.033628462
			4.682536479	-0.004821678	0.033628466
			4.691847004	-0.004821645	0.033628469
			4.701157529	-0.004821613	0.033628473
			4.710468053	-0.004821582	0.033628477
			4.719778576	-0.004821551	0.03362848
			4.729089099	-0.004821521	0.033628483
			4.738399622	-0.004821491	0.033628487
			4.747710144	-0.004821462	0.03362849
			4.757020665	-0.004821433	0.033628493
			4.766331186	-0.004821405	0.033628496
			4.775641706	-0.004821377	0.0336285
			4.784952226	-0.00482135	0.033628503
			4.794262745	-0.004821323	0.033628506
			4.803573264	-0.004821296	0.033628508
			4.812883782	-0.00482127	0.033628511
			4.8221943	-0.004821244	0.033628514
			4.831504817	-0.004821219	0.033628517
			4.840815334	-0.004821194	0.03362852
			4.850125851	-0.004821169	0.033628522
			4.859436367	-0.004821145	0.033628525
			4.868746882	-0.004821121	0.033628527
			4.878057398	-0.004821098	0.03362853
			4.887367912	-0.004821075	0.033628532
			4.896678427	-0.004821052	0.033628535
			4.905988941	-0.00482103	0.033628537
			4.915299454	-0.004821008	0.03362854
			4.924609968	-0.004820986	0.033628542
			4.93392048	-0.004820965	0.033628544
			4.943230993	-0.004820944	0.033628546
			4.952541505	-0.004820923	0.033628548
			4.961852017	-0.004820903	0.033628551
			4.971162528	-0.004820883	0.033628553
			4.980473039	-0.004820863	0.033628555
			4.98978355	-0.004820844	0.033628557
			4.999094061	-0.004820825	0.033628559
			5.008404571	-0.004820806	0.033628561
			5.017715081	-0.004820787	0.033628563
			5.02702559	-0.004820769	0.033628564
			5.036336099	-0.004820751	0.033628566
			5.045646608	-0.004820733	0.033628568
			5.054957117	-0.004820716	0.03362857
			5.064267625	-0.004820698	0.033628572
			5.073578133	-0.004820681	0.033628573
			5.082888641	-0.004820665	0.033628575
			5.092199148	-0.004820648	0.033628577
			5.101509656	-0.004820632	0.033628578
			5.110820162	-0.004820616	0.03362858
			5.120130669	-0.0048206	0.033628581
			5.129441175	-0.004820585	0.033628583
			5.138751682	-0.004820569	0.033628584
			5.148062188	-0.004820554	0.033628586
			5.157372693	-0.004820539	0.033628587
			5.166683199	-0.004820525	0.033628589
			5.175993704	-0.00482051	0.03362859
			5.185304209	-0.004820496	0.033628592
			5.194614713	-0.004820482	0.033628593
			5.203925218	-0.004820468	0.033628594
			5.213235722	-0.004820455	0.033628596
			5.222546226	-0.004820441	0.033628597
			5.23185673	-0.004820428	0.033628598
			5.241167234	-0.004820415	0.0336286
			5.250477737	-0.004820402	0.033628601
			5.25978824	-0.004820389	0.033628602
			5.269098743	-0.004820377	0.033628603
			5.278409246	-0.004820364	0.033628604
			5.287719749	-0.004820352	0.033628605
			5.297030251	-0.00482034	0.033628607