exp: x/lambda	exp: y/lambda	exp:z/lambda	theory: x/lambda	theory: y/lambda	theory: z/lambda								
-1.997128063	0.000407207	0.02963326	-4	0	0.033333333								
-1.987389447	-0.001929723	0.030526659	-3.990706666	-9.10E-09	0.033333334								
-1.980023778	-0.000160548	0.031493768	-3.981413332	-1.82E-08	0.033333335								
-1.97099213	-0.001700988	0.032187237	-3.972119998	-2.76E-08	0.033333336								
-1.964240089	-0.001005837	0.02865866	-3.962826665	-3.69E-08	0.033333336								
-1.955618908	-0.00025048	0.025934729	-3.953533331	-4.64E-08	0.033333337								
-1.949609549	0.00034173	0.025950409	-3.944239997	-5.60E-08	0.033333338								
-1.938900897	-0.002418588	0.025562573	-3.934946664	-6.57E-08	0.033333339								
-1.931061165	0.0002283	0.024664322	-3.925653331	-7.54E-08	0.033333339								
-1.921894335	-0.000501279	0.023375655	-3.916359998	-8.54E-08	0.03333334								
-1.915507429	-0.003310208	0.021445876	-3.907066665	-9.54E-08	0.033333341								
-1.906975953	0.00124871	0.01911954	-3.897773332	-1.06E-07	0.033333342								
-1.899019838	0.000400767	0.031323883	-3.888479999	-1.16E-07	0.033333343								
-1.892018968	-0.001366709	0.038701619	-3.879186667	-1.26E-07	0.033333343								
-1.881851715	-0.000589603	0.034533036	-3.869893334	-1.37E-07	0.033333344								
-1.872972592	-0.000882273	0.030892588	-3.860600002	-1.47E-07	0.033333345								
-1.865562898	-0.000858715	0.0293979	-3.851306669	-1.58E-07	0.033333346								
-1.858937296	-0.002244796	0.02888136	-3.842013337	-1.69E-07	0.033333347								
-1.849723307	-0.001042703	0.027852983	-3.832720005	-1.80E-07	0.033333348								
-1.842743643	-0.000583847	0.027047332	-3.823426674	-1.91E-07	0.033333349								
-1.833899559	-0.000335469	0.026719305	-3.814133342	-2.02E-07	0.03333335								
-1.825785708	0.000602016	0.027029985	-3.804840011	-2.14E-07	0.03333335								
-1.819094676	-0.002117097	0.027487336	-3.79554668	-2.25E-07	0.033333351								
-1.809253443	-0.001994644	0.028671182	-3.786253349	-2.37E-07	0.033333352								
-1.801644163	-0.00193772	0.02954952	-3.776960018	-2.49E-07	0.033333353								
-1.793479234	-0.001472462	0.030491996	-3.767666687	-2.61E-07	0.033333354								
-1.787281087	-0.000108261	0.033566463	-3.758373357	-2.73E-07	0.033333355								
-1.776302432	-0.001395691	0.03633616	-3.749080026	-2.86E-07	0.033333356								
-1.769020465	-0.000167636	0.033758901	-3.739786696	-2.98E-07	0.033333357								
-1.759423043	-0.000964874	0.030362147	-3.730493366	-3.11E-07	0.033333359								
-1.750888823	0.001451973	0.027284842	-3.721200037	-3.24E-07	0.03333336								
-1.744941874	-0.001599507	0.025094197	-3.711906707	-3.37E-07	0.033333361								
-1.735164382	0.000255433	0.022889428	-3.702613378	-3.50E-07	0.033333362								
-1.727362496	0.00032753	0.022463699	-3.693320048	-3.64E-07	0.033333363								
-1.722171285	-5.30376E-05	0.022151245	-3.684026719	-3.77E-07	0.033333364								
-1.711438431	-9.29223E-05	0.021419737	-3.67473339	-3.91E-07	0.033333365								
-1.703476487	-0.000186051	0.020877084	-3.665440061	-4.05E-07	0.033333366								
-1.694949097	0.000241314	0.029608732	-3.656146733	-4.18E-07	0.033333368								
-1.687405358	-0.000711651	0.032156043	-3.646853405	-4.33E-07	0.033333369								
-1.677734709	0.000508318	0.035242176	-3.637560076	-4.47E-07	0.03333337								
-1.671452488	-0.001828391	0.032881903	-3.628266749	-4.62E-07	0.033333371								
-1.662064713	0.000643109	0.029354853	-3.618973421	-4.76E-07	0.033333373								
-1.654289869	-0.000106527	0.027254095	-3.609680093	-4.91E-07	0.033333374								
-1.645092861	-0.000759671	0.025491506	-3.600386766	-5.06E-07	0.033333375								
-1.637951557	0.002011157	0.026253592	-3.591093439	-5.21E-07	0.033333376								
-1.62970134	-5.22618E-05	0.027558363	-3.581800112	-5.37E-07	0.033333378								
-1.621129151	-0.001205821	0.027467655	-3.572506786	-5.53E-07	0.033333379								
-1.616276448	0.001437687	0.02703353	-3.563213459	-5.68E-07	0.033333381								
-1.607829951	0.000637172	0.026429736	-3.553920133	-5.85E-07	0.033333382								
-1.598238047	0.000607788	0.026504232	-3.544626807	-6.01E-07	0.033333383								
-1.590207811	-0.000484523	0.026405814	-3.535333482	-6.18E-07	0.033333385								
-1.581205159	-0.000151981	0.023314241	-3.526040156	-6.34E-07	0.033333386								
-1.573019748	-0.000289327	0.022483525	-3.516746832	-6.52E-07	0.033333388								
-1.564603004	-0.000150713	0.021629331	-3.507453506	-6.69E-07	0.033333389								
-1.557112695	0.000247671	0.020869159	-3.498160182	-6.87E-07	0.033333391								
-1.549180423	0.000343073	0.027013621	-3.488866858	-7.04E-07	0.033333393								
-1.54175675	-0.000291873	0.032558735	-3.479573534	-7.22E-07	0.033333394								
-1.533249779	5.08444E-05	0.032734235	-3.47028021	-7.40E-07	0.033333396								
-1.525071905	0.001463433	0.030002092	-3.460986886	-7.59E-07	0.033333397								
-1.518009723	0.00043891	0.027120729	-3.451693563	-7.77E-07	0.033333399								
-1.5089172	0.001168365	0.025572455	-3.44240024	-7.96E-07	0.033333401								
-1.500141245	0.000351385	0.026912968	-3.433106917	-8.15E-07	0.033333403								
-1.491844897	-0.001249307	0.031896784	-3.423813595	-8.35E-07	0.033333404								
-1.484526356	-0.001531009	0.036314581	-3.414520273	-8.54E-07	0.033333406								
-1.476659991	-0.00129177	0.035521721	-3.405226951	-8.75E-07	0.033333408								
-1.46745024	0.000420726	0.033698816	-3.39593363	-8.95E-07	0.03333341								
-1.459490263	0.000387405	0.032123282	-3.386640308	-9.15E-07	0.033333412								
-1.451748569	-0.001189722	0.030498428	-3.377346987	-9.36E-07	0.033333413								
-1.444619947	-0.001694394	0.028993032	-3.368053667	-9.57E-07	0.033333415								
-1.434883572	-0.001544131	0.027111981	-3.358760346	-9.78E-07	0.033333417								
-1.427610594	0.000497086	0.026076923	-3.349467027	-1.00E-06	0.033333419								
-1.419348663	-0.001681519	0.02990502	-3.340173707	-1.02E-06	0.033333421								
-1.41212724	0.000209762	0.033297481	-3.330880388	-1.04E-06	0.033333423								
-1.403691245	-0.000676507	0.032122999	-3.321587069	-1.07E-06	0.033333426								
-1.395976709	-0.000704003	0.03104896	-3.312293751	-1.09E-06	0.033333428								
-1.387632258	0.001503352	0.029012859	-3.303000432	-1.11E-06	0.03333343								
-1.378644577	-0.001930034	0.025957584	-3.293707115	-1.14E-06	0.033333432								
-1.369235394	0.001276322	0.030287536	-3.284413798	-1.16E-06	0.033333434								
-1.363381507	0.00263353	0.030066507	-3.27512048	-1.18E-06	0.033333437								
-1.355188169	0.001637853	0.027529959	-3.265827164	-1.21E-06	0.033333439								
-1.344919307	0.001273255	0.028464459	-3.256533848	-1.23E-06	0.033333441								
-1.337675856	0.000701872	0.031921275	-3.247240532	-1.26E-06	0.033333444								
-1.330342149	0.002224845	0.035421163	-3.237947216	-1.29E-06	0.033333446								
-1.321336165	0.002205682	0.032217341	-3.228653901	-1.31E-06	0.033333449								
-1.315478009	0.001893403	0.029938749	-3.219360586	-1.34E-06	0.033333451								
-1.306645081	0.001110051	0.029274496	-3.210067272	-1.36E-06	0.033333454								
-1.297622124	-0.001250744	0.02972042	-3.200773958	-1.39E-06	0.033333456								
-1.290959305	0.000719813	0.030049704	-3.191480644	-1.42E-06	0.033333459								
-1.281338637	0.000938829	0.029889467	-3.182187331	-1.45E-06	0.033333462								
-1.273793063	0.002689717	0.029731284	-3.172894018	-1.47E-06	0.033333464								
-1.265594178	0.000598084	0.029136162	-3.163600706	-1.50E-06	0.033333467								
-1.256161326	-0.000670159	0.032975114	-3.154307394	-1.53E-06	0.03333347								
-1.247692095	0.000906764	0.033194814	-3.145014083	-1.56E-06	0.033333473								
-1.240685474	0.000781259	0.031010218	-3.135720773	-1.59E-06	0.033333476								
-1.23273543	0.000710423	0.028531471	-3.126427462	-1.62E-06	0.033333479								
-1.226025773	-0.000320662	0.026301072	-3.117134153	-1.65E-06	0.033333482								
-1.218114243	-0.000132067	0.023573604	-3.107840844	-1.68E-06	0.033333485								
-1.209252825	0.000970633	0.020518667	-3.098547536	-1.71E-06	0.033333488								
-1.200713595	0.000408109	0.023269629	-3.089254228	-1.75E-06	0.033333491								
-1.191819542	0.001585888	0.02684753	-3.079960921	-1.78E-06	0.033333495								
-1.183874194	-0.000607317	0.033437388	-3.070667614	-1.81E-06	0.033333498								
-1.176999706	0.000497678	0.036008448	-3.061374308	-1.85E-06	0.033333501								
-1.167207108	-0.000522251	0.034791507	-3.052081002	-1.88E-06	0.033333505								
-1.158445656	0.001283031	0.033555098	-3.042787697	-1.92E-06	0.033333508								
-1.15235405	-0.001002594	0.032436262	-3.033494393	-1.95E-06	0.033333512								
-1.144564911	0.000847788	0.032933021	-3.024201089	-1.99E-06	0.033333516								
-1.136118493	0.000771184	0.033725953	-3.014907785	-2.02E-06	0.033333519								
-1.128730432	-0.000985005	0.031812674	-3.005614483	-2.06E-06	0.033333523								
-1.119547256	0.000455307	0.028395121	-2.99632118	-2.10E-06	0.033333527								
-1.111215635	0.000768801	0.025294477	-2.987027878	-2.14E-06	0.033333531								
-1.10358182	0.00047771	0.0267686	-2.977734577	-2.17E-06	0.033333535								
-1.095020628	0.000998651	0.027203466	-2.968441276	-2.21E-06	0.033333539								
-1.088259645	0.000704131	0.026924449	-2.959147976	-2.25E-06	0.033333543								
-1.079272094	0.000724708	0.026553544	-2.949854677	-2.29E-06	0.033333547								
-1.072632478	0.000216555	0.028617281	-2.940561378	-2.33E-06	0.033333551								
-1.063622055	0.001411356	0.03112849	-2.931268081	-2.37E-06	0.033333556								
-1.05456148	0.001396913	0.029787578	-2.921974784	-2.42E-06	0.03333356								
-1.046719737	0.000303897	0.02939052	-2.912681488	-2.46E-06	0.033333564								
-1.038975604	0.000933655	0.029900208	-2.903388193	-2.50E-06	0.033333569								
-1.030201487	0.000617366	0.030018638	-2.894094899	-2.55E-06	0.033333574								
-1.023271237	0.000339237	0.029243981	-2.884801605	-2.59E-06	0.033333579								
-1.013185017	-0.000275025	0.029712334	-2.875508313	-2.64E-06	0.033333583								
-1.007343224	0.000116099	0.031347303	-2.866215021	-2.68E-06	0.033333588								
-0.999230872	0.001669211	0.033617744	-2.856921731	-2.73E-06	0.033333593								
-0.989819632	0.001414101	0.035196279	-2.84762844	-2.78E-06	0.033333599								
-0.981614894	0.001539937	0.033351522	-2.838335151	-2.83E-06	0.033333604								
-0.973772374	0.001094572	0.031162618	-2.829041863	-2.88E-06	0.033333609								
-0.965065736	0.000333549	0.028507487	-2.819748576	-2.93E-06	0.033333615								
-0.95736553	0.000978069	0.030587717	-2.810455289	-2.98E-06	0.03333362								
-0.950451322	0.000689978	0.032476348	-2.801162004	-3.03E-06	0.033333626								
-0.940818011	0.000847973	0.030806696	-2.791868719	-3.09E-06	0.033333632								
-0.934518382	0.001500092	0.028492298	-2.782575437	-3.14E-06	0.033333638								
-0.924904005	0.002102431	0.024842109	-2.773282154	-3.19E-06	0.033333644								
-0.917660204	0.000498032	0.021981894	-2.763988873	-3.25E-06	0.03333365								
-0.909596177	0.001173297	0.024945457	-2.754695591	-3.31E-06	0.033333656								
-0.901327448	0.002189145	0.028386885	-2.745402311	-3.36E-06	0.033333662								
-0.891260651	0.000518774	0.030885684	-2.736109031	-3.42E-06	0.033333669								
-0.884059688	0.001741792	0.030567466	-2.726815753	-3.48E-06	0.033333675								
-0.876001576	0.000125542	0.028011935	-2.717522476	-3.54E-06	0.033333682								
-0.868301875	0.000874096	0.02557007	-2.7082292	-3.60E-06	0.033333689								
-0.861551301	0.002925371	0.024503283	-2.698935925	-3.66E-06	0.033333696								
-0.850720067	0.00263365	0.027967116	-2.689642652	-3.72E-06	0.033333703								
-0.843856614	0.001567468	0.029088526	-2.68034938	-3.79E-06	0.03333371								
-0.836778358	0.002111914	0.029804104	-2.671056109	-3.85E-06	0.033333718								
-0.829436241	0.000455529	0.030627006	-2.66176284	-3.92E-06	0.033333725								
-0.821301861	-0.000688702	0.032711169	-2.652469572	-3.99E-06	0.033333733								
-0.814066033	0.001371596	0.031267026	-2.643176306	-4.06E-06	0.033333741								
-0.803802924	0.00102701	0.024208731	-2.63388304	-4.13E-06	0.033333749								
-0.795994292	0.001044172	0.025581702	-2.624589776	-4.20E-06	0.033333757								
-0.787961746	0.000460937	0.027827384	-2.615296513	-4.27E-06	0.033333766								
-0.781320228	0.000837204	0.02991762	-2.606003252	-4.34E-06	0.033333774								
-0.772487534	0.001118785	0.033271029	-2.596709992	-4.42E-06	0.033333783								
-0.762902079	0.000273417	0.036014415	-2.587416734	-4.50E-06	0.033333792								
-0.75527655	-0.000269534	0.036472926	-2.578123477	-4.57E-06	0.033333801								
-0.749353349	0.000945971	0.036534338	-2.568830222	-4.65E-06	0.033333811								
-0.739354444	0.000866038	0.035709807	-2.559536967	-4.73E-06	0.03333382								
-0.731492464	0.001021437	0.033251893	-2.550243715	-4.81E-06	0.03333383								
-0.724593301	0.001897072	0.030695464	-2.540950465	-4.90E-06	0.03333384								
-0.714288477	0.00161401	0.030462814	-2.531657216	-4.98E-06	0.03333385								
-0.705986749	0.000632097	0.032642829	-2.522363969	-5.07E-06	0.03333386								
-0.698777874	0.001542907	0.033873939	-2.513070723	-5.15E-06	0.033333871								
-0.690821445	0.002181525	0.031465345	-2.503777478	-5.24E-06	0.033333881								
-0.682560507	0.000902716	0.029517588	-2.494484234	-5.33E-06	0.033333892								
-0.67628731	0.001782248	0.031688295	-2.485190993	-5.42E-06	0.033333903								
-0.667439667	0.000438131	0.029751779	-2.475897754	-5.51E-06	0.033333915								
-0.657725764	0.000951676	0.026919879	-2.466604515	-5.61E-06	0.033333926								
-0.650177356	-0.000902983	0.027143386	-2.457311281	-5.71E-06	0.033333938								
-0.640336042	0.000472489	0.032555609	-2.448018048	-5.80E-06	0.033333951								
-0.634607945	0.001983287	0.034536542	-2.438724817	-5.91E-06	0.033333963								
-0.623827239	0.002004713	0.037720292	-2.429431589	-6.01E-06	0.033333976								
-0.615561518	0.000910601	0.036384679	-2.420138363	-6.11E-06	0.033333989								
-0.60847952	0.001638059	0.035240336	-2.410845139	-6.22E-06	0.033334002								
-0.600885497	0.00229305	0.034013259	-2.401551918	-6.33E-06	0.033334016								
-0.592601349	0.000421791	0.032657554	-2.392258699	-6.44E-06	0.03333403								
-0.585149446	0.001095617	0.031997424	-2.382965481	-6.55E-06	0.033334044								
-0.577968596	0.001241376	0.031889677	-2.373672266	-6.67E-06	0.033334059								
-0.570516028	0.001258386	0.031777853	-2.364379054	-6.78E-06	0.033334074								
-0.560876666	-0.000310398	0.030278291	-2.355085844	-6.90E-06	0.033334089								
-0.552390259	0.000537632	0.028695055	-2.345792637	-7.02E-06	0.033334105								
-0.546356716	0.001423782	0.028973396	-2.336499433	-7.15E-06	0.033334121								
-0.538020432	0.001472287	0.031044797	-2.327206232	-7.27E-06	0.033334137								
-0.529435658	-0.000184959	0.030132375	-2.317913032	-7.40E-06	0.033334154								
-0.522116473	0.002167227	0.029354465	-2.308619836	-7.53E-06	0.033334171								
-0.51291016	0.001592033	0.029879142	-2.29932664	-7.66E-06	0.033334188								
-0.50530545	0.001392345	0.03173964	-2.290033451	-7.80E-06	0.033334206								
-0.497340897	0.000302155	0.030925817	-2.280740262	-7.94E-06	0.033334224								
-0.487898535	-0.000167523	0.030290061	-2.271447078	-8.08E-06	0.033334243								
-0.48179677	3.49225E-05	0.030350257	-2.262153895	-8.22E-06	0.033334262								
-0.470655152	0.000862646	0.030460173	-2.252860715	-8.36E-06	0.033334281								
-0.464211014	-0.000363961	0.029836935	-2.243567538	-8.51E-06	0.033334301								
-0.456089749	-0.000254221	0.028904829	-2.234274365	-8.66E-06	0.033334322								
-0.448560763	0.000644255	0.027896679	-2.224981195	-8.82E-06	0.033334342								
-0.441431436	-0.001015157	0.026942044	-2.21568803	-8.98E-06	0.033334364								
-0.433114658	0.001109017	0.030512652	-2.206394867	-9.14E-06	0.033334386								
-0.424521891	-0.000220768	0.034177269	-2.19710171	-9.30E-06	0.033334408								
-0.417868362	0.001075545	0.032122199	-2.187808556	-9.47E-06	0.033334432								
-0.410957814	1.6953E-05	0.029987743	-2.178515404	-9.64E-06	0.033334455								
-0.400672286	0.00207464	0.032592466	-2.169222258	-9.82E-06	0.033334479								
-0.392993493	0.000684291	0.036924975	-2.159929115	-9.99E-06	0.033334504								
-0.384914383	0.00093673	0.032798464	-2.150635979	-1.02E-05	0.03333453								
-0.377965607	-0.000214307	0.029925005	-2.141342843	-1.04E-05	0.033334556								
-0.368626147	0.001489021	0.030145232	-2.132049714	-1.06E-05	0.033334582								
-0.361290708	0.001328935	0.030318204	-2.122756585	-1.07E-05	0.033334609								
-0.35262105	0.000387726	0.031626937	-2.113463466	-1.09E-05	0.033334637								
-0.344755832	-0.000562016	0.033171422	-2.104170345	-1.11E-05	0.033334666								
-0.33755049	-0.001444383	0.033305527	-2.094877233	-1.13E-05	0.033334695								
-0.327686851	-0.000562142	0.033489108	-2.085584124	-1.16E-05	0.033334725								
-0.320899456	0.000177294	0.033520923	-2.076291023	-1.18E-05	0.033334756								
-0.313661556	-0.002893364	0.030342367	-2.06699792	-1.20E-05	0.033334787								
-0.305506234	-0.001701538	0.027850988	-2.057704827	-1.22E-05	0.033334819								
-0.296472589	1.60E-05	0.027100009	-2.048411734	-1.24E-05	0.033334852								
-0.289195207	-0.001027634	0.029117617	-2.03911865	-1.27E-05	0.033334886								
-0.281243683	-2.14417E-05	0.033482528	-2.029825572	-1.29E-05	0.033334921								
-0.273485349	-0.001993183	0.033357144	-2.020532498	-1.31E-05	0.033334956								
-0.266246066	-0.001888614	0.033240149	-2.01123943	-1.34E-05	0.033334992								
-0.257448902	0.001148816	0.033561041	-2.00194637	-1.36E-05	0.03333503								
-0.250079291	-0.001034737	0.036030521	-1.992653315	-1.39E-05	0.033335068								
-0.240878934	-0.000702613	0.034223872	-1.983360267	-1.41E-05	0.033335108								
-0.235040436	-0.000823227	0.030668502	-1.974067225	-1.44E-05	0.033335148								
-0.227873091	-0.002279932	0.031339924	-1.964774191	-1.47E-05	0.03333519								
-0.219318343	-0.001906699	0.036026264	-1.955481162	-1.50E-05	0.033335232								
-0.208294191	-0.000793032	0.038123205	-1.946188143	-1.53E-05	0.033335276								
-0.200633612	-0.002067203	0.038817719	-1.936895131	-1.55E-05	0.033335321								
-0.194254271	-0.003137348	0.038317401	-1.927602129	-1.58E-05	0.033335368								
-0.187237512	-0.00181331	0.036381768	-1.918309131	-1.62E-05	0.033335416								
-0.177155105	-0.003173609	0.034017764	-1.909016145	-1.65E-05	0.033335465								
-0.168241175	-0.001638416	0.034829579	-1.89972316	-1.68E-05	0.033335515								
-0.161710472	-0.002229342	0.038298352	-1.890430186	-1.71E-05	0.033335566								
-0.154229337	-0.002540323	0.042271945	-1.881137221	-1.74E-05	0.033335619								
-0.148825435	-0.002332406	0.040485117	-1.871844261	-1.78E-05	0.033335673								
-0.139524711	-0.00187766	0.036069939	-1.862551312	-1.81E-05	0.033335729								
-0.131432158	-0.003489746	0.038458384	-1.853258369	-1.85E-05	0.033335785								
-0.124181956	-0.002662476	0.040598215	-1.843965435	-1.88E-05	0.033335844								
-0.115879238	-0.003040358	0.041812247	-1.834672507	-1.92E-05	0.033335904								
-0.106140373	-0.00205617	0.042482255	-1.825379597	-1.96E-05	0.033335966								
-0.098158801	-0.002384468	0.038887784	-1.81608669	-2.00E-05	0.033336029								
-0.091821775	-0.001393732	0.03507053	-1.8067938	-2.04E-05	0.033336095								
-0.083959485	-0.004013065	0.034611044	-1.797500913	-2.08E-05	0.033336162								
-0.075847197	-0.00351838	0.039058594	-1.788208044	-2.12E-05	0.033336232								
-0.066464201	-0.002809001	0.039914025	-1.778915183	-2.16E-05	0.033336303								
-0.059997908	-0.003214221	0.039679119	-1.769622337	-2.21E-05	0.033336377								
-0.052012513	-0.004117257	0.038626009	-1.760329496	-2.25E-05	0.033336452								
-0.044012711	-0.002098953	0.037378901	-1.751036673	-2.30E-05	0.033336529								
-0.036067959	-0.003224415	0.036791388	-1.741743859	-2.34E-05	0.033336609								
-0.026071174	-0.002738943	0.038586068	-1.732451059	-2.39E-05	0.033336691								
-0.019196593	-0.003903962	0.038700491	-1.723158271	-2.44E-05	0.033336776								
-0.012701487	-0.003304275	0.038808597	-1.713865496	-2.49E-05	0.033336862								
-0.003466494	-0.003473534	0.039432717	-1.70457274	-2.54E-05	0.033336952								
0.003954509	-0.003237142	0.040517481	-1.695279995	-2.60E-05	0.033337045								
0.011384311	-0.004279526	0.04160353	-1.685987264	-2.65E-05	0.03333714								
0.020538676	-0.004236978	0.04177592	-1.676694555	-2.71E-05	0.033337238								
0.028863901	-0.002978637	0.041973138	-1.667401857	-2.76E-05	0.033337339								
0.035600187	-0.003534597	0.043728731	-1.658109174	-2.82E-05	0.033337443								
0.042340613	-0.002492447	0.044836745	-1.648816507	-2.88E-05	0.03333755								
0.04956562	-0.003158894	0.043929825	-1.639523856	-2.94E-05	0.03333766								
0.059152402	-0.003447169	0.043191492	-1.630231219	-3.00E-05	0.033337773								
0.067995592	-0.001245708	0.04510203	-1.620938599	-3.07E-05	0.03333789								
0.075694325	-0.004846323	0.045814857	-1.611646002	-3.13E-05	0.033338011								
0.081993661	-0.002389567	0.045408526	-1.602353406	-3.20E-05	0.033338133								
0.091551413	-0.000775823	0.044942937	-1.593060845	-3.27E-05	0.033338261								
0.099608343	-0.000560264	0.045650371	-1.583768289	-3.34E-05	0.033338391								
0.109175813	-0.001696729	0.046490437	-1.574475765	-3.41E-05	0.033338527								
0.115227436	-0.001697334	0.045733742	-1.565183257	-3.48E-05	0.033338665								
0.123259486	-0.002141867	0.044300264	-1.555890777	-3.56E-05	0.03333881								
0.131264877	-0.00193686	0.044101179	-1.546598307	-3.64E-05	0.033338957								
0.138854128	-0.001136452	0.044829255	-1.53730587	-3.72E-05	0.03333911								
0.146571595	-0.000369278	0.045522856	-1.528013453	-3.80E-05	0.033339268								
0.155292895	0.000271872	0.046057048	-1.518721065	-3.88E-05	0.033339432								
0.163090157	-0.001449208	0.045684536	-1.509428702	-3.97E-05	0.0333396								
0.171301904	-0.001115189	0.044929936	-1.500136366	-4.06E-05	0.033339775								
0.17828925	0.000428335	0.045345764	-1.490844053	-4.15E-05	0.033339954								
0.188420434	-0.001079559	0.045625701	-1.481551768	-4.24E-05	0.03334014								
0.197838183	0.000576184	0.045347824	-1.472259513	-4.34E-05	0.033340331								
0.202244993	0.001651677	0.045217798	-1.462967295	-4.44E-05	0.033340531								
0.211264797	0.000938836	0.045610676	-1.453675099	-4.54E-05	0.033340736								
0.221060733	-0.000429439	0.0467623	-1.444382963	-4.65E-05	0.033340951								
0.228056537	0.002524865	0.047980121	-1.435090836	-4.75E-05	0.03334117								
0.236911732	0.002147941	0.048264309	-1.425798755	-4.86E-05	0.033341399								
0.243740737	0.001511336	0.047276717	-1.416506704	-4.98E-05	0.033341634								
0.252638624	0.000831785	0.046859258	-1.407214671	-5.09E-05	0.033341875								
0.259568078	0.000360224	0.049171861	-1.39792269	-5.21E-05	0.033342126								
0.269565425	0.001467942	0.052508328	-1.388630742	-5.33E-05	0.033342386								
0.27496963	0.002070866	0.052921329	-1.379338832	-5.46E-05	0.033342654								
0.283764957	0.001836461	0.050591885	-1.370046955	-5.59E-05	0.03334293								
0.291747665	0.000155704	0.04890606	-1.360755129	-5.72E-05	0.033343218								
0.300412526	0.002482618	0.047736348	-1.35146333	-5.86E-05	0.033343513								
0.308700119	0.002328429	0.046481823	-1.342171579	-6.00E-05	0.03334382								
0.316050947	0.00327011	0.045368972	-1.332879885	-6.14E-05	0.033344138								
0.324097789	0.004353518	0.046226977	-1.323588255	-6.29E-05	0.03334447								
0.332521453	0.003261294	0.047801106	-1.314296653	-6.44E-05	0.033344811								
0.339327034	0.003567968	0.046822148	-1.305005121	-6.60E-05	0.033345166								
0.350049574	0.002807881	0.044214178	-1.295713603	-6.76E-05	0.03334553								
0.356381559	0.0031459	0.041575098	-1.28642216	-6.93E-05	0.03334591								
0.365321112	0.005831436	0.038247422	-1.277130772	-7.10E-05	0.033346303								
0.371893442	0.004269778	0.039133912	-1.26783944	-7.28E-05	0.03334671								
0.380470532	0.004425293	0.040290808	-1.258548172	-7.46E-05	0.033347133								
0.390652091	0.005172281	0.041855419	-1.24925697	-7.65E-05	0.033347573								
0.397278728	0.004887116	0.041554637	-1.23996582	-7.84E-05	0.033348027								
0.404624714	0.005075111	0.040110204	-1.230674742	-8.04E-05	0.0333485								
0.413526788	0.005152615	0.0383598	-1.221383741	-8.24E-05	0.033348991								
0.420306779	0.006420735	0.039835028	-1.21209282	-8.46E-05	0.033349503								
0.428623889	0.005894808	0.04349193	-1.202801976	-8.67E-05	0.033350033								
0.436518565	0.006300998	0.04334954	-1.193511195	-8.90E-05	0.033350583								
0.444697715	0.006097257	0.039019038	-1.184220518	-9.13E-05	0.033351156								
0.451939729	0.006774846	0.038634374	-1.174929869	-9.37E-05	0.033351745								
0.463569029	0.006624064	0.038698488	-1.165639354	-9.61E-05	0.033352364								
0.46848568	0.008123842	0.038208166	-1.156348893	-9.87E-05	0.033353001								
0.47718071	0.007008519	0.037341039	-1.147058545	-0.000101284	0.033353669								
0.484429225	0.004940394	0.036805617	-1.137768275	-0.000103964	0.033354358								
0.492833515	0.006987534	0.036341565	-1.128478124	-0.000106753	0.033355079								
0.501874865	0.007333188	0.036036541	-1.119188036	-0.000109608	0.033355823								
0.508419539	0.005849653	0.036205834	-1.109898096	-0.000112568	0.033356604								
0.518199229	0.007116463	0.035970393	-1.100608213	-0.00011562	0.033357409								
0.524584132	0.007169634	0.03568213	-1.091318468	-0.000118749	0.033358248								
0.534369163	0.00627535	0.035750536	-1.082028813	-0.00012199	0.033359119								
0.540771727	0.006219762	0.036035012	-1.072739306	-0.000125328	0.033360028								
0.549726194	0.006613177	0.036770144	-1.063449924	-0.000128805	0.033360979								
0.556057094	0.004492398	0.037291093	-1.054160665	-0.000132364	0.033361966								
0.564346338	0.004984275	0.036961791	-1.044871555	-0.000136072	0.033362998								
0.571396147	0.004044931	0.035647962	-1.03558254	-0.000139868	0.033364064								
0.578204497	0.003773577	0.03358354	-1.026293743	-0.000143845	0.033365189								
0.588493785	0.004907804	0.03046363	-1.017005055	-0.000147913	0.033366354								
0.596542019	0.004507009	0.028686538	-1.007716608	-0.000152181	0.033367585								
0.60387439	0.004252856	0.036239984	-0.998428236	-0.000156522	0.033368851								
0.61305096	0.003858828	0.036073397	-0.989140063	-0.000161042	0.033370179								
0.619639424	0.003295567	0.035312397	-0.979852014	-0.000165687	0.033371555								
0.625785011	0.002626012	0.034385979	-0.970564256	-0.000170539	0.033373011								
0.636141024	0.003831244	0.032063376	-0.961276537	-0.000175432	0.033374497								
0.644648344	0.00404983	0.028925977	-0.951989195	-0.000180644	0.033376089								
0.651662396	0.001995391	0.026635221	-0.942701926	-0.000185909	0.033377721								
0.659214873	0.001900515	0.031681269	-0.933414982	-0.000191482	0.033379455								
0.665877833	0.001086882	0.036133003	-0.924128163	-0.000197121	0.033381239								
0.675191011	0.001458272	0.034268422	-0.914841641	-0.000203089	0.03338313								
0.682104743	-0.00086155	0.031180161	-0.905555314	-0.000209134	0.033385084								
0.689037976	0.001492669	0.028102321	-0.896269316	-0.000215546	0.033387158								
0.695965314	0.000402428	0.026137103	-0.88698352	-0.000222057	0.033389306								
0.707127614	-0.000582602	0.028362495	-0.877698131	-0.000228954	0.03339159								
0.713473199	-0.000319132	0.030127589	-0.86841284	-0.000235932	0.033393932								
0.722343548	-0.001418138	0.028745	-0.859127986	-0.000243351	0.033396433								
0.729464731	-0.000994792	0.027413519	-0.849843376	-0.000250889	0.033399019								
0.737346304	-0.002420413	0.0271189	-0.840559178	-0.000258863	0.03340177								
0.745531061	-0.004037349	0.026812947	-0.831275178	-0.000266966	0.033404605								
0.754973079	-0.003792254	0.028932345	-0.821991687	-0.000275498	0.033407625								
0.762229345	-0.003199046	0.030660889	-0.812708368	-0.000284225	0.033410739								
0.768906979	-0.004120417	0.02896896	-0.803425599	-0.000293343	0.033414047								
0.776765662	-0.003901568	0.02590613	-0.794143134	-0.00030275	0.033417497								
0.783976527	-0.005766501	0.028179401	-0.784861194	-0.000312577	0.033421148								
0.791328594	-0.007376017	0.030658808	-0.775579648	-0.000322748	0.03342497								
0.800201929	-0.007373488	0.03101459	-0.766298479	-0.000333285	0.033428968								
0.808060223	-0.006820643	0.031329673	-0.757017887	-0.000344166	0.033433179								
0.815496489	-0.004906055	0.031741324	-0.747737707	-0.000355526	0.033437602								
0.823191303	-0.007132597	0.032236193	-0.738458019	-0.000367251	0.033442242								
0.830068654	-0.006866593	0.032558124	-0.729178696	-0.000379336	0.033447078								
0.839420495	-0.006925065	0.032297595	-0.719900018	-0.000392002	0.033452203								
0.848096778	-0.008539136	0.03221834	-0.710621944	-0.000405089	0.033457586								
0.855268331	-0.008679432	0.032355591	-0.701344649	-0.000418824	0.033463313								
0.861616357	-0.008552506	0.032903363	-0.692067812	-0.000432933	0.033469278								
0.869967473	-0.008745968	0.036345513	-0.682791603	-0.000447636	0.033475568								
0.877584946	-0.010228429	0.036159617	-0.673516147	-0.00046291	0.033482204								
0.886555839	-0.010683088	0.035940693	-0.664241557	-0.000478968	0.033489267								
0.893393938	-0.009527118	0.035773817	-0.654967493	-0.000495453	0.03349663								
0.90148341	-0.010580126	0.032908885	-0.645694501	-0.000512836	0.033504505								
0.909523271	-0.010308923	0.033385545	-0.636422099	-0.000530703	0.033512723								
0.916818884	-0.011512729	0.03502843	-0.627150847	-0.000549625	0.033521537								
0.925690886	-0.011501182	0.034993248	-0.617880155	-0.000568806	0.033530672								
0.932193374	-0.011442036	0.034967462	-0.608610667	-0.00058921	0.033540487								
0.941043566	-0.011227768	0.034932367	-0.599341646	-0.00060999	0.033550643								
0.948757772	-0.011535316	0.034649845	-0.59007423	-0.000632078	0.033561623								
0.95780181	-0.01272684	0.034217971	-0.580807768	-0.000654795	0.033573137								
0.96587751	-0.012401885	0.035148979	-0.571542375	-0.000678579	0.033585354								
0.973715619	-0.013242338	0.036117586	-0.562277935	-0.000703203	0.033598198								
0.981353616	-0.013092848	0.041529615	-0.553014779	-0.000728755	0.033611825								
0.988776601	-0.012863476	0.040833005	-0.543753472	-0.000755496	0.033626394								
0.995944065	-0.012298475	0.039685547	-0.534492754	-0.000783153	0.033641645								
1.004943241	-0.012825435	0.039126308	-0.52523415	-0.000812068	0.033657989								
1.013101291	-0.011657653	0.039560489	-0.515976146	-0.000842079	0.033675129								
1.020393742	-0.013883216	0.039948602	-0.506720332	-0.000873614	0.033693528								
1.029420852	-0.011813219	0.042123732	-0.497465069	-0.00090558	0.033712601								
1.041493966	-0.0120562	0.045171551	-0.488212576	-0.000939926	0.033733385								
1.044288306	-0.01326026	0.045867259	-0.478960557	-0.000974507	0.033754855								
1.052644859	-0.012010927	0.047947794	-0.469711708	-0.001011751	0.033778339								
1.061118391	-0.010648255	0.046622076	-0.46046362	-0.001049521	0.03380277								
1.068449184	-0.01167003	0.045023124	-0.451218882	-0.001089942	0.033829384								
1.077433653	-0.010231423	0.04510876	-0.441975434	-0.00113081	0.033857242								
1.086178653	-0.010562809	0.045014892	-0.432734234	-0.001174518	0.033887171								
1.092150898	-0.011874351	0.044569819	-0.423494652	-0.00121883	0.033918591								
1.101727858	-0.011279837	0.043782817	-0.414258528	-0.001266112	0.033952691								
1.110632703	-0.011881524	0.041345279	-0.405024197	-0.001314291	0.033988594								
1.116218327	-0.010398427	0.04354257	-0.395792998	-0.001365231	0.034027241								
1.1252004	-0.009550781	0.047356545	-0.386563625	-0.001417364	0.034068022								
1.133313408	-0.010485768	0.050801498	-0.377339457	-0.001472879	0.034112668								
1.14259154	-0.010006706	0.046209415	-0.368115625	-0.001529501	0.034159182								
1.149048085	-0.010166346	0.042505817	-0.358895835	-0.001588918	0.034209352								
1.158684552	-0.008883913	0.043302345	-0.34967824	-0.001649794	0.034262429								
1.167193883	-0.008274346	0.044404047	-0.340465163	-0.001714228	0.03431997								
1.174178986	-0.008342054	0.045080079	-0.331254198	-0.00177989	0.034380717								
1.182754295	-0.008828643	0.045883497	-0.322047567	-0.00184903	0.034446364								
1.18932623	-0.008682216	0.046249809	-0.312843933	-0.001919904	0.034516054								
1.198543821	-0.007390858	0.045645303	-0.303642806	-0.00199409	0.034590427								
1.206214751	-0.008567082	0.042164179	-0.294446812	-0.002070473	0.034670436								
1.214780329	-0.009547632	0.038308442	-0.285253748	-0.002149016	0.034755507								
1.222017367	-0.007855322	0.041012529	-0.276065273	-0.002230534	0.034846996								
1.22956136	-0.008034353	0.043831309	-0.266879773	-0.002312739	0.034943618								
1.238858684	-0.006028629	0.047181514	-0.257696887	-0.002398855	0.035047021								
1.247126495	-0.006064952	0.050127261	-0.248518064	-0.002485836	0.035156821								
1.255570795	-0.003712548	0.04809103	-0.239345159	-0.002576278	0.035276088								
1.261748717	-0.00889568	0.04655357	-0.230172933	-0.002667114	0.035400748								
1.270096691	-0.00728033	0.046997177	-0.221007524	-0.00276131	0.035536537								
1.278771515	-0.007097692	0.047792263	-0.21184509	-0.002855878	0.035680252								
1.287084801	-0.00333217	0.048430783	-0.202684571	-0.002953229	0.035834013								
1.293621294	-0.005060689	0.048700312	-0.193527931	-0.003050231	0.035996631								
1.305688747	-0.004575215	0.046699406	-0.184375951	-0.003148936	0.036172494								
1.310688916	-0.006145653	0.044822988	-0.175221549	-0.003245988	0.036354159								
1.318607286	-0.005257798	0.043301685	-0.166071257	-0.00334358	0.036549391								
1.327271302	-0.006475645	0.042571811	-0.156920912	-0.003438313	0.03675377								
1.335608778	-0.004708356	0.046423041	-0.147774979	-0.003531468	0.036971996								
1.343054758	-0.005115726	0.052463245	-0.138625166	-0.003621113	0.037198607								
1.353506363	-0.004052156	0.04518311	-0.129475369	-0.003707568	0.037436976								
1.360219841	-0.004809986	0.044818921	-0.120323959	-0.00378896	0.037686222								
1.368633317	-0.003885481	0.044411393	-0.111170647	-0.003863765	0.037945551								
1.375762171	-0.003789697	0.044066089	-0.1020133	-0.003933379	0.03821583								
1.384799434	-0.004068485	0.042236182	-0.092849967	-0.003994187	0.038492019								
1.39237928	-0.0031986	0.040427922	-0.083683537	-0.004046366	0.038779756								
1.401375217	-0.003493137	0.040316449	-0.074509311	-0.004089819	0.039073635								
1.409168842	-0.001803751	0.040219874	-0.065327988	-0.004122049	0.039373658								
1.415511032	-0.00299873	0.039881326	-0.056139146	-0.004142278	0.039679789								
1.4236878	-0.002186091	0.039239236	-0.046940094	-0.004150706	0.03998805								
1.432132356	-0.002642164	0.038576117	-0.037731319	-0.004146091	0.040299943								
1.440749632	-0.003016596	0.044295865	-0.028513137	-0.004127931	0.04061366								
1.44931555	-0.000617526	0.042411657	-0.019281725	-0.004095808	0.040926167								
1.455671701	-0.002256448	0.041013522	-0.010041556	-0.004051591	0.0412394								
1.465846117	-0.000461379	0.041122394	-0.000786409	-0.003992045	0.041548874								
1.473137958	-0.001454784	0.041288207	0.008477518	-0.003917905	0.041860397								
1.481450849	-0.000194522	0.038819434	0.017754299	-0.003827274	0.042160385								
1.489699345	-0.002418025	0.036369785	0.027044612	-0.003725772	0.042457552								
1.498659071	-0.000625884	0.035934744	0.036346254	-0.003608295	0.04274812								
1.506550731	-0.002936069	0.036405327	0.045659566	-0.003477563	0.043029694								
1.514749555	-0.001294046	0.034565135	0.054985831	-0.003332106	0.043302725								
1.521071324	-0.000666486	0.03314624	0.064323413	-0.003175093	0.043566149								
1.530442805	-0.001323469	0.032569003	0.073674415	-0.003003792	0.04381606								
1.537050996	-0.002059297	0.032330961	0.083033656	-0.002822592	0.044055743								
1.545472921	-0.001313888	0.029874611	0.092406753	-0.002627596	0.044280758								
1.553617279	-0.002169777	0.025815542	0.101788286	-0.002423745	0.04449074								
1.562315495	-0.000935326	0.029929546	0.111180137	-0.002206734	0.044683753								
1.569508363	-0.002181538	0.033142209	0.120581716	-0.001982789	0.044862326								
1.577201173	-0.002691775	0.031624502	0.129991812	-0.001748644	0.045023295								
1.58537452	-0.002739119	0.030011991	0.139411328	-0.00150655	0.045167478								
1.593770917	-0.003614464	0.030654442	0.148835194	-0.001258173	0.045290658								
1.600452387	-0.004022208	0.031257858	0.158267607	-0.001001559	0.04539574								
1.609590645	-0.003708521	0.031353169	0.167708693	-0.000739582	0.045481817								
1.616608842	-0.004383823	0.031426367	0.177157096	-0.000471261	0.045544987								
1.624365961	-0.002486625	0.029236173	0.186606678	-0.000198892	0.045590417								
1.632793995	-0.004016502	0.025948362	0.196064297	7.90E-05	0.045610243								
1.640133369	-0.004467703	0.026076103	0.2055259	0.000361115	0.04561094								
1.648576307	-0.004366565	0.027057153	0.214991128	0.000647879	0.045586824								
1.658190713	-0.004304209	0.027146931	0.224462225	0.000937837	0.045541483								
1.665339327	-0.006421573	0.025877889	0.233934053	0.001228472	0.045476675								
1.672825627	-0.005973015	0.022967587	0.243409256	0.0015227	0.045381565								
1.681887381	-0.005821031	0.019444826	0.252887733	0.001817764	0.045268394								
1.689100214	-0.005428821	0.020298626	0.262365235	0.002115223	0.045127827								
1.696469254	-0.007042808	0.029012535	0.271849052	0.002413579	0.044964108								
1.705303087	-0.0071001	0.031673454	0.281327972	0.00271157	0.044775344								
1.713387653	-0.006757178	0.026958101	0.290808962	0.00301109	0.044561609								
1.720664488	-0.006768531	0.02284529	0.300291264	0.003308062	0.044322281								
1.729117274	-0.007720757	0.01963048	0.309771869	0.003605229	0.044056466								
1.736912475	-0.008613878	0.022744586	0.319248467	0.003897464	0.043766543								
1.743852155	-0.008432478	0.025516919	0.328728238	0.004190127	0.043444048								
1.752877454	-0.010286861	0.024791771	0.338204323	0.004477665	0.043095646								
1.759720802	-0.009234246	0.024407362	0.347677332	0.004757203	0.042720489								
1.769563415	-0.008828902	0.025056463	0.357145735	0.005033175	0.04231539								
1.776940318	-0.010224534	0.025542955	0.366605148	0.005299963	0.041887095								
1.784875138	-0.010977003	0.026108923	0.3760606	0.005558158	0.041428023								
1.793023306	-0.010619587	0.027698985	0.385507575	0.005808124	0.040942594								
1.801425118	-0.011532178	0.02765131	0.394940239	0.006043284	0.04043579								
1.808431968	-0.011902902	0.024904784	0.404365484	0.006266153	0.039898979								
1.817566181	-0.011087177	0.021990452	0.413777746	0.006473396	0.039339037								
1.827012598	-0.011407471	0.020493932	0.423179599	0.006663084	0.038755941								
1.831990331	-0.011676888	0.021737962	0.432568641	0.00683213	0.038149297								
1.842272962	-0.010879968	0.024307787	0.441940816	0.006979846	0.037520086								
1.84858801	-0.011990344	0.025886037	0.451297148	0.007106269	0.036873948								
1.856080795	-0.012127903	0.025654051	0.460635186	0.007207105	0.036209992								
1.865081645	-0.01288166	0.025143942	0.469956927	0.007280757	0.035527323								
1.872632484	-0.013879797	0.027349025	0.479261745	0.007327366	0.034832838								
1.881587307	-0.011727938	0.029106289	0.488545283	0.007343717	0.034125385								
1.887805065	-0.012177998	0.02987695	0.497814171	0.00732237	0.033397333								
1.897170353	-0.012750761	0.028983964	0.507062696	0.007270571	0.032675346								
1.903865222	-0.014824009	0.025219399	0.516291737	0.007185813	0.031944797								
1.912858577	-0.013873878	0.02383504	0.525508521	0.007064337	0.031210422								
1.921258512	-0.01430683	0.025703447	0.534705967	0.006907101	0.030478103								
1.928683673	-0.015699353	0.025271753	0.543888328	0.006712549	0.029753106								
1.938069684	-0.01599463	0.023420093	0.553057502	0.006480222	0.029034925								
1.945972472	-0.015590529	0.022163415	0.562215089	0.00621288	0.028326274								
1.952713935	-0.014322864	0.022845484	0.571369228	0.005912003	0.027635853								
1.961913285	-0.01751737	0.02377623	0.580522385	0.005578984	0.026966577								
1.9689377	-0.014820966	0.021500924	0.589665273	0.005214371	0.026320757								
1.978153628	-0.015582242	0.019737083	0.598811153	0.004821219	0.025702844								
1.985250577	-0.015117611	0.02806173	0.607961107	0.004407024	0.025114641								
1.993372019	-0.016683927	0.027328246	0.617117916	0.003969723	0.024557988								
2.001992019	-0.016591134	0.026549735	0.626291148	0.003515222	0.024044676								
2.010685687	-0.016339736	0.027038772	0.635474773	0.003046427	0.023563215								
2.01792497	-0.016774362	0.029110863	0.644675219	0.002564313	0.023121494								
2.026325434	-0.015939945	0.029821925	0.653897684	0.002077224	0.022720013								
2.035796348	-0.016201909	0.029563841	0.663136087	0.001578429	0.022354686								
2.042983536	-0.017309094	0.029367989	0.672390857	0.001078333	0.022026575								
2.051178204	-0.015870041	0.02752826	0.681675565	0.000579417	0.021743949								
2.060635745	-0.01726726	0.023534944	0.690972711	7.27E-05	0.021492934								
2.068237291	-0.015798363	0.028759198	0.700297579	-0.000427021	0.021279169								
2.076730366	-0.015427108	0.031442279	0.709633583	-0.000925959	0.021102256								
2.083026523	-0.015323515	0.029273086	0.718983731	-0.001425928	0.020950639								
2.092366279	-0.016247226	0.026859332	0.728342928	-0.001925204	0.020835933								
2.101063774	-0.018197945	0.025711894	0.737719228	-0.002418775	0.020751455								
2.10864867	-0.014902955	0.024711239	0.747102155	-0.002915998	0.020698329								
2.116706724	-0.015196957	0.026237142	0.756482126	-0.003410913	0.020677694								
2.125384766	-0.016893034	0.027913078	0.765859885	-0.003907649	0.020685186								
2.132378592	-0.013581211	0.026217353	0.775240101	-0.004405574	0.020724406								
2.140932893	-0.015028939	0.025866698	0.784621683	-0.004898714	0.020791172								
2.150667388	-0.015939021	0.028113145	0.793983087	-0.005396445	0.020892509								
2.158743325	-0.016344354	0.028364377	0.803338346	-0.005893419	0.021025473								
2.16689628	-0.014801811	0.027320192	0.812682739	-0.006390275	0.021188842								
2.173621616	-0.015804629	0.027633188	0.822011699	-0.006886709	0.021390165								
2.18236516	-0.014551536	0.030600556	0.831331572	-0.007379308	0.021616414								
2.191254163	-0.016023726	0.033617289	0.840625416	-0.007876063	0.021883022								
2.198613671	-0.015509739	0.031189909	0.849896878	-0.00837277	0.022190182								
2.208702532	-0.016309782	0.026746848	0.85914737	-0.008862918	0.022529789								
2.216748701	-0.015427632	0.028658721	0.868374196	-0.009349632	0.022915803								
2.225107966	-0.014701344	0.031044088	0.87757898	-0.009830463	0.023340327								
2.232639268	-0.014668267	0.032151293	0.886768799	-0.010293555	0.023801634								
2.242160755	-0.015316682	0.03248617	0.895940078	-0.010745594	0.024304877								
2.249867672	-0.012582824	0.030565019	0.905098303	-0.01117649	0.024840179								
2.257856872	-0.016212032	0.030950984	0.914251895	-0.011590059	0.025408986								
2.265862413	-0.014200625	0.032540868	0.923393345	-0.011980848	0.026016152								
2.273627275	-0.01539412	0.033818217	0.932534045	-0.012340146	0.026648893								
2.281669015	-0.015771215	0.03434561	0.941673667	-0.012669436	0.027309267								
2.29096603	-0.01475606	0.032771062	0.950822066	-0.012966191	0.027984053								
2.296192021	-0.014810481	0.031790549	0.959969212	-0.01322684	0.028687182								
2.304375462	-0.016224654	0.030255153	0.969128581	-0.013449621	0.029402457								
2.313836451	-0.016071161	0.027466298	0.978305026	-0.013635513	0.030123342								
2.324659584	-0.01462599	0.027666569	0.987498365	-0.013782561	0.030848282								
2.329886923	-0.013765125	0.029609527	0.996710238	-0.013891583	0.031573164								
2.337879322	-0.013560591	0.030959211	1.005942856	-0.013962538	0.032294088								
2.348729099	-0.016879805	0.028330185	1.015197028	-0.013997097	0.033012658								
2.35590072	-0.014682919	0.028310727	1.024458945	-0.013980815	0.033715046								
2.363253801	-0.016104923	0.029147191	1.033754447	-0.013945089	0.034415011								
2.370798008	-0.012832	0.030838759	1.043071496	-0.013871058	0.035098994								
2.379196184	-0.014633342	0.033943891	1.052407224	-0.013763914	0.035765087								
2.387846788	-0.013513601	0.036808745	1.061766878	-0.013627832	0.036413248								
2.396094384	-0.012878886	0.037392802	1.071145461	-0.013464766	0.037044211								
2.404252849	-0.014777618	0.036247914	1.080545602	-0.01327379	0.037653486								
2.409810072	-0.012962055	0.033137027	1.089965703	-0.013058869	0.038237295								
2.421200447	-0.015270475	0.027674003	1.099400891	-0.012819823	0.038795767								
2.428581521	-0.013326454	0.028362278	1.108855788	-0.012561613	0.039322962								
2.435372582	-0.013492857	0.028995536	1.118327659	-0.012285483	0.039828517								
2.443513116	-0.013512526	0.029832411	1.127813479	-0.011991809	0.040299074								
2.451471085	-0.013940933	0.030857598	1.13731563	-0.011681711	0.040740768								
2.461112276	-0.014552205	0.028762017	1.146831775	-0.011358074	0.041155731								
2.468940475	-0.014762385	0.027233134	1.156356856	-0.011023175	0.041529923								
2.475694885	-0.01505397	0.027959054	1.165895312	-0.010676815	0.041877918								
2.486363686	-0.015095973	0.029129671	1.175437592	-0.010322858	0.042182886								
2.494859101	-0.013008912	0.03014115	1.18499179	-0.009961065	0.042467503								
2.50258794	-0.015105786	0.031061359	1.194554115	-0.009591655	0.042714872								
2.510966841	-0.015086897	0.031086426	1.204122091	-0.009218139	0.042928196								
2.518098404	-0.014362887	0.030917551	1.213701113	-0.008836177	0.043108798								
2.525098467	-0.013586219	0.030163501	1.22327952	-0.008454125	0.043254291								
2.534433084	-0.014845389	0.028267772	1.232863423	-0.008063571	0.043366007								
2.541926685	-0.014775429	0.030046748	1.242448744	-0.007677433	0.043440883								
2.55117798	-0.015196866	0.032204632	1.252042664	-0.007285294	0.043486901								
2.557403635	-0.015474371	0.029155501	1.261632701	-0.006893116	0.043496961								
2.567801584	-0.015272802	0.025545949	1.271230087	-0.006502329	0.04347577								
2.574816214	-0.012581198	0.025681465	1.280824168	-0.006107751	0.043415551								
2.58305162	-0.01443662	0.025840565	1.290417789	-0.005719074	0.043328746								
2.591527185	-0.012480325	0.025947538	1.300014319	-0.005325939	0.04320474								
2.600434207	-0.013522673	0.025821929	1.309600858	-0.004940308	0.04305037								
2.607368985	-0.014509132	0.028297913	1.319194576	-0.004551504	0.042860049								
2.614413016	-0.01530982	0.034775518	1.328783426	-0.004171122	0.042634508								
2.62478805	-0.013237324	0.033446105	1.338368739	-0.003792903	0.04237645								
2.630566708	-0.013483152	0.032215043	1.347952933	-0.003422244	0.042083785								
2.640396073	-0.014112241	0.030351568	1.35753322	-0.003058582	0.041762062								
2.648214636	-0.013534142	0.028908457	1.367103185	-0.002703987	0.041398755								
2.656585473	-0.013647812	0.0271333	1.376667674	-0.002357529	0.041008872								
2.666316746	-0.014024249	0.026667678	1.38622123	-0.002021525	0.04058339								
2.673595285	-0.013355205	0.030264281	1.3957669	-0.001697803	0.040127507								
2.681592581	-0.015789387	0.03348296	1.405306371	-0.001387105	0.039638938								
2.688477914	-0.013871467	0.031187999	1.414828691	-0.00109357	0.039122242								
2.6962656	-0.015309085	0.028592274	1.424336754	-0.00081792	0.038581552								
2.703435434	-0.014098204	0.028949349	1.433832448	-0.000560681	0.038007302								
2.712956031	-0.013320169	0.030476566	1.443314042	-0.000324103	0.037410313								
2.720418282	-0.013323719	0.031394412	1.452780164	-0.000111318	0.036787203								
2.730795246	-0.01315988	0.031321774	1.46222944	7.29E-05	0.036139134								
2.739429167	-0.012037085	0.031905509	1.471662068	0.000230775	0.035471837								
2.746467707	-0.014073031	0.032638254	1.481074153	0.000361297	0.034787342								
2.753234741	-0.014774487	0.03254729	1.490467109	0.000460481	0.034085987								
2.762295531	-0.015193876	0.030806774	1.499838868	0.000529381	0.033369502								
2.769845814	-0.01411422	0.03007652	1.509209516	0.000548167	0.032648637								
2.780437218	-0.015335433	0.030985335	1.518544789	0.000547705	0.031913668								
2.787911455	-0.015129755	0.031226475	1.527865951	0.000508445	0.031171926								
2.796511683	-0.013379669	0.031503943	1.537170317	0.000431032	0.030425854								
2.803246277	-0.014843192	0.031228614	1.546462497	0.000316929	0.029681949								
2.811596355	-0.012748767	0.030723575	1.55574041	0.000163602	0.028944021								
2.820671959	-0.014095497	0.031026394	1.565006557	-2.34E-05	0.028215908								
2.826650048	-0.014362643	0.031244342	1.574267459	-0.000248759	0.027498818								
2.83521832	-0.014781839	0.031556722	1.583519705	-0.00050491	0.026794047								
2.843599213	-0.013443093	0.032531211	1.592775319	-0.000792644	0.026114008								
2.854926951	-0.012536958	0.034225219	1.602030628	-0.001108972	0.025458086								
2.861860625	-0.013231981	0.035329443	1.611297689	-0.00144889	0.024839865								
2.868107478	-0.012230149	0.034748276	1.620572773	-0.001812433	0.02424649								
2.877410203	-0.01426527	0.031710979	1.62986238	-0.002190909	0.023689465								
2.88358305	-0.014939913	0.031151868	1.639167902	-0.002586012	0.023167272								
2.891890311	-0.013058483	0.030570631	1.648495998	-0.002992751	0.022682212								
2.902508744	-0.014698269	0.030508044	1.65785095	-0.003404438	0.022239324								
2.908285218	-0.012264255	0.03226466	1.667230979	-0.003823386	0.021830173								
2.918422742	-0.01254614	0.0308436	1.676630612	-0.004243987	0.0214555								
2.926188713	-0.013937404	0.029591395	1.686068493	-0.004660715	0.021123207								
2.933483157	-0.011425719	0.02978877	1.695533008	-0.005079665	0.020822593								
2.941564352	-0.012440257	0.033934509	1.705019576	-0.005495277	0.020553561								
2.949843875	-0.014779864	0.034297031	1.714539157	-0.005903462	0.020317686								
2.958307998	-0.012642932	0.034433935	1.724079443	-0.006308084	0.020112072								
2.964110241	-0.013500896	0.032608695	1.733641184	-0.006707937	0.019932474								
2.973506837	-0.013759818	0.026281161	1.743225638	-0.007100202	0.019780429								
2.982320326	-0.01544039	0.028692431	1.752828091	-0.007486643	0.019654941								
2.990521731	-0.014810942	0.032319412	1.762442332	-0.007871318	0.019550365								
2.997270888	-0.013494916	0.032255362	1.772074389	-0.008251484	0.019471611								
3.006314001	-0.014171	0.029571727	1.781721846	-0.008620235	0.019416802								
3.014774458	-0.013186157	0.030269657	1.791371394	-0.008991527	0.019385122								
3.021966766	-0.014920943	0.030862974	1.801027688	-0.009358254	0.019374922								
3.032258984	-0.014329014	0.029799037	1.810688795	-0.009721017	0.019384782								
3.038471727	-0.013644949	0.027758306	1.820348626	-0.010083898	0.019418175								
3.047580444	-0.014879703	0.027757113	1.830011268	-0.010440543	0.019472191								
3.05535321	-0.013101777	0.030384604	1.839662335	-0.010796333	0.019548915								
3.06432836	-0.015350333	0.031749353	1.849309091	-0.011151212	0.019650655								
3.071722427	-0.013766717	0.031024878	1.858948887	-0.011499488	0.01977628								
3.079349373	-0.013671192	0.030226659	1.868573898	-0.011847066	0.019925817								
3.088789577	-0.014568502	0.029084787	1.87819068	-0.012191043	0.02010234								
3.096386042	-0.013128257	0.030036849	1.887793767	-0.012527588	0.020299905								
3.104739648	-0.013397934	0.032011198	1.89738374	-0.012859104	0.020524144								
3.112598774	-0.015055319	0.032798334	1.906959912	-0.01318517	0.020776959								
3.120884789	-0.015459339	0.032045602	1.916522314	-0.013496873	0.021051305								
3.126677039	-0.012266341	0.031639126	1.926075722	-0.013799292	0.021350026								
3.137667232	-0.014448932	0.031386885	1.93561608	-0.014088236	0.021672776								
3.144773883	-0.012969688	0.031357296	1.945149799	-0.014356416	0.022014985								
3.153192632	-0.013133074	0.031678951	1.954670705	-0.01460855	0.02237828								
3.162820605	-0.014157435	0.031005649	1.964185615	-0.014838284	0.022757792								
3.170621074	-0.013370763	0.029566037	1.973699188	-0.015046712	0.023147968								
3.1768931	-0.01182788	0.029539323	1.98320757	-0.015232118	0.023550454								
3.185921465	-0.013492227	0.033557461	1.99271491	-0.01539244	0.023960304								
3.193539441	-0.012088411	0.03245738	2.002222273	-0.015527907	0.024375818								
3.201834747	-0.013235868	0.029019132	2.011730777	-0.015640083	0.024793691								
3.209667856	-0.012903352	0.025967908	2.021237659	-0.015725104	0.02521719								
3.217774318	-0.012561547	0.027018362	2.030750814	-0.015787936	0.025632951								
3.227012886	-0.013231529	0.028087473	2.040264371	-0.015829245	0.026046061								
3.23475403	-0.014594546	0.028827728	2.049780437	-0.01584842	0.026453382								
3.243290531	-0.014156034	0.029358141	2.059299501	-0.015846727	0.026852381								
3.251083042	-0.012956685	0.027704381	2.068819003	-0.015826069	0.027244112								
3.258850405	-0.012971184	0.026080414	2.078341072	-0.015790261	0.027623351								
3.267813981	-0.013448591	0.025251137	2.087866042	-0.015738356	0.02799255								
3.276183259	-0.013372892	0.025260701	2.097389523	-0.015675368	0.028346406								
3.283658476	-0.012499563	0.028267566	2.106915593	-0.015599849	0.028689054								
3.292189221	-0.012900082	0.028776986	2.116441098	-0.015516074	0.029015231								
3.299644966	-0.014018695	0.028774123	2.125963846	-0.015423109	0.029327222								
3.309125677	-0.012972009	0.028168165	2.135484494	-0.015325221	0.02962198								
3.315922032	-0.013444307	0.02761657	2.14500294	-0.015220202	0.029902346								
3.322958308	-0.013076261	0.027045503	2.154515756	-0.015113168	0.030164287								
3.332375989	-0.012749228	0.027705375	2.164030737	-0.01500276	0.0304169								
3.340027914	-0.014262696	0.027264249	2.173538099	-0.01489215	0.030650215								
3.348991716	-0.012204917	0.025608104	2.18304252	-0.014779351	0.030871156								
3.355936813	-0.012542685	0.024324933	2.192540628	-0.014669476	0.031075665								
3.364303053	-0.012831549	0.025808739	2.202037762	-0.014557194	0.031271389								
3.373666412	-0.012944838	0.028012553	2.211527905	-0.014449025	0.031451618								
3.380271674	-0.011078043	0.03074698	2.22101655	-0.014340067	0.031623114								
3.389093231	-0.012590295	0.031295005	2.230496589	-0.014234159	0.031780675								
3.395906731	-0.013035762	0.031557798	2.239973654	-0.014130477	0.031929177								
3.403356995	-0.013739123	0.031419948	2.249445014	-0.014028592	0.032067364								
3.412786175	-0.012085986	0.030318701	2.258909626	-0.013930652	0.032195029								
3.420690848	-0.013226269	0.029395504	2.268373152	-0.013833792	0.032316581								
3.427541014	-0.011604074	0.031171096	2.277831223	-0.013741107	0.032429239								
3.437819023	-0.012239845	0.031464135	2.287285135	-0.013650465	0.032534832								
3.445017764	-0.01313234	0.030995158	2.296734735	-0.013563623	0.032633028								
3.454480243	-0.013649471	0.031234472	2.306178159	-0.01347904	0.032724221								
3.462509387	-0.012976558	0.034453707	2.315618587	-0.013398332	0.032809424								
3.470861638	-0.011943388	0.036237588	2.325055714	-0.013319417	0.03288987								
3.480369675	-0.011649745	0.037319618	2.334487733	-0.013244333	0.032963989								
3.483993234	-0.014393641	0.03745402	2.343917065	-0.013170633	0.033034373								
3.49327688	-0.012950295	0.03147597	2.353340286	-0.013101472	0.033098296								
3.502704531	-0.013302026	0.025405191	2.362761749	-0.013034114	0.033159202								
3.511349308	-0.012726523	0.027162468	2.372179079	-0.012970341	0.033215358								
3.517465454	-0.013796093	0.027873258	2.381593265	-0.012908175	0.03326838								
3.525805844	-0.011411409	0.027783711	2.391004328	-0.012849199	0.033317569								
3.535588877	-0.013067779	0.027678677	2.400411732	-0.01279194	0.033363683								
3.542623661	-0.012717738	0.027899147	2.40981701	-0.012736814	0.033407059								
3.551413915	-0.013398815	0.028235028	2.41921878	-0.012684002	0.033447513								
3.560085515	-0.011503444	0.029532253	2.428619037	-0.012633173	0.033485778								
3.566852558	-0.011040552	0.030544565	2.438015941	-0.012584442	0.03352139								
3.57609967	-0.014243221	0.028967111	2.447411509	-0.012537769	0.033555093								
3.585259556	-0.010959087	0.026445418	2.456804051	-0.012492927	0.033586522								
3.592515762	-0.012598904	0.026871227	2.466194833	-0.012449756	0.033616238								
3.60140772	-0.013249959	0.027388189	2.475582831	-0.012408576	0.033643873								
3.607547391	-0.012442206	0.027698759	2.48496894	-0.012368647	0.033669984								
3.616351267	-0.012972235	0.028144096	2.494352757	-0.012330727	0.033694347								
3.624746337	-0.013119136	0.031095278	2.503734974	-0.012293936	0.033717381								
3.633000392	-0.013085425	0.033817932	2.513115343	-0.012259152	0.033738919								
3.642401922	-0.013048417	0.031123845	2.522494069	-0.012225282	0.033759299								
3.648351159	-0.011651789	0.029419041	2.531871115	-0.012193465	0.033778318								
3.656422195	-0.012701544	0.028362712	2.541247012	-0.012162223	0.033796478								
3.665963607	-0.01267138	0.028959312	2.550620542	-0.012132925	0.03381322								
3.674415613	-0.013842552	0.031031904	2.559993224	-0.012104225	0.033829272								
3.681568659	-0.012900199	0.032785967	2.569364256	-0.012077279	0.033844198								
3.689578883	-0.011250979	0.033108308	2.578734564	-0.012050727	0.033858575								
3.697513821	-0.011816203	0.033028063	2.588103409	-0.012025535	0.033872026								
3.705232436	-0.01288077	0.030792669	2.597471059	-0.012001074	0.033884784								
3.712631417	-0.013591211	0.025586301	2.606837536	-0.011977683	0.033896811								
3.721099732	-0.013665934	0.025924029	2.616203404	-0.011954973	0.033908317								
3.729953065	-0.013337111	0.03004365	2.625567447	-0.011933416	0.033918978								
3.739733676	-0.013307844	0.029905665	2.634931055	-0.011912612	0.033929193								
3.745606297	-0.013310377	0.028900691	2.644293322	-0.011892734	0.033938751								
3.754058268	-0.012673478	0.026884076	2.653654933	-0.011873582	0.033947868								
3.761340698	-0.014199765	0.025574242	2.663015745	-0.01185509	0.033956518								
3.769438063	-0.011568376	0.026861806	2.672375478	-0.011837473	0.033964646								
3.778026624	-0.012098338	0.028227474	2.681734678	-0.011820374	0.033972402								
3.785894922	-0.012547431	0.030172018	2.69109301	-0.011804077	0.033979726								
3.794366674	-0.012265827	0.032290367	2.700450898	-0.011788117	0.033986754								
3.802992181	-0.01332547	0.031712703	2.709807595	-0.011773149	0.033993279								
3.810831909	-0.012757503	0.030903302	2.71916388	-0.01175844	0.033999557								
3.819126601	-0.012100371	0.028558181	2.728519376	-0.011744633	0.034005439								
3.826491789	-0.011795593	0.026475855	2.737874241	-0.011731086	0.034011056								
3.836186842	-0.014549392	0.02920352	2.747228404	-0.011718386	0.034016323								
3.842862837	-0.013729528	0.032444986	2.756582215	-0.011705857	0.034021406								
3.853106153	-0.012412095	0.031972979	2.765935499	-0.011693975	0.03402621								
3.858377747	-0.011707659	0.031172953	2.775288236	-0.011682372	0.034030797								
3.867760287	-0.013200796	0.02878089	2.784640474	-0.011671303	0.034035142								
3.874626942	-0.012411018	0.026016736	2.793992152	-0.011660615	0.03403927								
3.884995179	-0.013570171	0.026788378	2.803343553	-0.01165028	0.034043231								
3.891880776	-0.012617753	0.027359184	2.812694427	-0.011640389	0.034046978								
3.899489107	-0.012827349	0.02827117	2.822044894	-0.011630827	0.034050551								
3.908826219	-0.011608842	0.029426304	2.831394961	-0.011621602	0.034053957								
3.916135321	-0.014301133	0.030188856	2.840744602	-0.011612743	0.034057185								
3.922290445	-0.012603205	0.030820292	2.850093891	-0.011604179	0.034060273								
3.932693627	-0.01448999	0.031036868	2.859442847	-0.011595964	0.034063208								
3.940270075	-0.013216609	0.031074777	2.86879134	-0.011588047	0.03406599								
3.94850439	-0.014081215	0.029071985	2.87813976	-0.011580354	0.034068687								
3.957331592	-0.013601882	0.026634705	2.887487649	-0.011572984	0.034071222								
3.964633851	-0.014223734	0.027136838	2.896835359	-0.011565831	0.034073664								
3.973118542	-0.013677497	0.031152834	2.906182759	-0.011558934	0.034075993								
3.982536197	-0.013823108	0.033845751	2.915530038	-0.011552185	0.03407825								
3.989935394	-0.013612563	0.033896943	2.924876869	-0.011545764	0.034080369								
3.996477568	-0.013687997	0.033538	2.934223526	-0.011539513	0.034082411								
			2.943569864	-0.011533516	0.034084351								
			2.952916058	-0.011527686	0.034086218								
			2.962261921	-0.011522111	0.034087987								
			2.971607659	-0.011516687	0.034089695								
			2.98095316	-0.01151144	0.034091326								
			2.99029843	-0.011506394	0.034092879								
			2.999643603	-0.011501467	0.034094386								
			3.008988454	-0.011496781	0.034095801								
			3.018333197	-0.011492192	0.034097172								
			3.027677722	-0.011487817	0.034098473								
			3.037022121	-0.01148353	0.034099731								
			3.046366302	-0.011479469	0.03410092								
			3.055710338	-0.011475472	0.034102068								
			3.065054248	-0.011471672	0.034103165								
			3.074398	-0.011467938	0.03410422								
			3.083741587	-0.011464381	0.034105223								
			3.093085115	-0.011460857	0.034106203								
			3.102428509	-0.01145749	0.034107137								
			3.111771777	-0.011454196	0.034108037								
			3.121114935	-0.011451024	0.034108901								
			3.13045797	-0.011447947	0.03410973								
			3.1398009	-0.011444964	0.034110529								
			3.14914377	-0.011442053	0.034111302								
			3.158486487	-0.011439261	0.034112038								
			3.167829094	-0.011436545	0.034112745								
			3.177171641	-0.011433901	0.034113429								
			3.186514067	-0.011431351	0.034114084								
			3.195856429	-0.011428861	0.034114717								
			3.205198676	-0.011426483	0.03411532								
			3.214540878	-0.011424125	0.034115909								
			3.223882975	-0.011421888	0.034116469								
			3.233225011	-0.011419678	0.034117013								
			3.242566963	-0.011417573	0.034117532								
			3.251908847	-0.011415495	0.034118036								
			3.261250661	-0.01141351	0.034118518								
			3.270592411	-0.011411554	0.034118986								
			3.27993407	-0.011409693	0.03411943								
			3.289275697	-0.011407848	0.034119865								
			3.298617244	-0.011406086	0.034120279								
			3.307958768	-0.011404343	0.034120686								
			3.317300201	-0.011402673	0.034121072								
			3.326641594	-0.011401032	0.034121448								
			3.335982928	-0.011399457	0.034121808								
			3.345324226	-0.011397907	0.034122159								
			3.354665457	-0.011396423	0.034122494								
			3.364006659	-0.011394957	0.034122821								
			3.373347817	-0.011393542	0.034123136								
			3.382688933	-0.011392156	0.034123442								
			3.39203001	-0.011390807	0.034123738								
			3.401371023	-0.011389505	0.034124021								
			3.410712015	-0.011388227	0.034124297								
			3.420052952	-0.011386995	0.034124562								
			3.42939387	-0.011385784	0.03412482								
			3.438734728	-0.011384621	0.034125066								
			3.448075567	-0.01138348	0.034125307								
			3.457416354	-0.011382387	0.034125536								
			3.466757121	-0.011381307	0.034125761								
			3.47609784	-0.01138027	0.034125976								
			3.485438538	-0.011379251	0.034126185								
			3.494779204	-0.011378267	0.034126386								
			3.504119832	-0.011377308	0.034126581								
			3.513460445	-0.011376368	0.034126771								
			3.522801027	-0.011375447	0.034126955								
			3.53214159	-0.011374557	0.034127134								
			3.54148212	-0.011373686	0.034127306								
			3.550822636	-0.011372835	0.034127474								
			3.560163115	-0.011372012	0.034127636								
			3.569503578	-0.011371205	0.034127793								
			3.578844014	-0.011370425	0.034127945								
			3.588184427	-0.011369658	0.034128092								
			3.597524809	-0.011368917	0.034128234								
			3.606865186	-0.011368186	0.034128373								
			3.616205523	-0.011367484	0.034128506								
			3.625545854	-0.011366791	0.034128637								
			3.634886154	-0.011366122	0.034128762								
			3.644226445	-0.011365463	0.034128884								
			3.653566713	-0.011364828	0.034129003								
			3.662906972	-0.011364199	0.034129118								
			3.672247204	-0.011363593	0.034129229								
			3.681587428	-0.011363	0.034129338								
			3.690927629	-0.011362423	0.034129443								
			3.700267817	-0.011361861	0.034129545								
			3.70960799	-0.011361305	0.034129644								
			3.718948148	-0.011360768	0.03412974								
			3.72828829	-0.011360239	0.034129834								
			3.73762842	-0.011359729	0.034129924								
			3.746968544	-0.01135922	0.034130014								
			3.756308647	-0.011358733	0.034130099								
			3.765648741	-0.011358248	0.034130183								
			3.774988818	-0.011357783	0.034130264								
			3.784328886	-0.011357318	0.034130343								
			3.793668938	-0.011356877	0.034130419								
			3.803008984	-0.011356436	0.034130494								
			3.812349011	-0.011356014	0.034130566								
			3.821689033	-0.011355594	0.034130637								
			3.83102905	-0.011355185	0.034130706								
			3.840369048	-0.011354783	0.034130773								
			3.849709041	-0.011354393	0.034130838								
			3.85904902	-0.011354011	0.034130901								
			3.868388993	-0.011353638	0.034130962								
			3.87772895	-0.011353276	0.034131021								
			3.887068906	-0.011352918	0.03413108								
			3.896408849	-0.011352571	0.034131136								
			3.905748783	-0.01135223	0.034131192								
			3.915088702	-0.011351901	0.034131244								
			3.924428623	-0.011351573	0.034131297								
			3.933768526	-0.011351259	0.034131347								
			3.943108437	-0.011350942	0.034131397								
			3.952448324	-0.011350642	0.034131445								
			3.961788216	-0.011350339	0.034131492								
			3.971128092	-0.01135005	0.034131537								
			3.980467971	-0.011349758	0.034131583								
			3.989807833	-0.011349483	0.034131626								
			3.999147697	-0.011349203	0.034131668								
			4.008487547	-0.011348939	0.034131709								
			4.017827396	-0.011348672	0.03413175								
			4.02716723	-0.01134842	0.034131788								
			4.036507068	-0.011348166	0.034131827								
			4.045846892	-0.011347924	0.034131863								
			4.055186715	-0.011347682	0.0341319								
			4.064526529	-0.011347448	0.034131935								
			4.073866339	-0.011347217	0.034131969								
			4.083206146	-0.011346991	0.034132003								
			4.092545947	-0.011346768	0.034132036								
			4.101885742	-0.011346551	0.034132068								
			4.111225532	-0.011346338	0.034132099								
			4.120565318	-0.011346131	0.034132129								
			4.129905097	-0.011345929	0.034132159								
			4.139244877	-0.011345726	0.034132188								
			4.148584646	-0.011345533	0.034132216								
			4.157924415	-0.011345339	0.034132244								
			4.167264174	-0.011345155	0.03413227								
			4.176603933	-0.011344969	0.034132296								
			4.185943684	-0.011344792	0.034132322								
			4.195283438	-0.011344613	0.034132347								
			4.20462318	-0.011344443	0.034132371								
			4.213962925	-0.01134427	0.034132395								
			4.223302662	-0.011344106	0.034132418								
			4.2326424	-0.011343939	0.034132441								
			4.241982129	-0.011343781	0.034132463								
			4.251321858	-0.011343623	0.034132485								
			4.260661581	-0.011343471	0.034132506								
			4.270001303	-0.011343319	0.034132527								
			4.279341022	-0.011343172	0.034132547								
			4.288680737	-0.011343026	0.034132567								
			4.298020449	-0.011342882	0.034132586								
			4.30736016	-0.011342741	0.034132605								
			4.316699866	-0.011342602	0.034132624								
			4.32603957	-0.011342467	0.034132642								
			4.335379272	-0.011342333	0.03413266								
			4.344718969	-0.011342204	0.034132677								
			4.354058665	-0.011342075	0.034132694								
			4.363398355	-0.011341951	0.03413271								
			4.372738046	-0.011341827	0.034132726								
			4.382077731	-0.011341709	0.034132742								
			4.391417418	-0.011341589	0.034132757								
			4.400757098	-0.011341474	0.034132772								
			4.410096779	-0.011341358	0.034132787								
			4.419436456	-0.011341247	0.034132802								
			4.428776132	-0.011341136	0.034132816								
			4.438115804	-0.011341029	0.03413283								
			4.447455475	-0.011340922	0.034132843								
			4.456795142	-0.011340819	0.034132856								
			4.466134809	-0.011340716	0.034132869								
			4.475474472	-0.011340617	0.034132882								
			4.484814135	-0.011340517	0.034132894								
			4.494153794	-0.011340422	0.034132906								
			4.503493453	-0.011340326	0.034132918								
			4.512833111	-0.011340232	0.03413293								
			4.522172765	-0.01134014	0.034132941								
			4.531512419	-0.011340049	0.034132952								
			4.54085207	-0.011339961	0.034132963								
			4.55019172	-0.011339873	0.034132974								
			4.559531367	-0.011339788	0.034132985								
			4.568871013	-0.011339703	0.034132995								
			4.578210657	-0.011339621	0.034133005								
			4.587550301	-0.011339539	0.034133015								
			4.596889941	-0.01133946	0.034133024								
			4.606229581	-0.011339381	0.034133034								
			4.615569218	-0.011339305	0.034133043								
			4.624908855	-0.011339229	0.034133052								
			4.634248489	-0.011339155	0.034133061								
			4.643588123	-0.011339081	0.034133069								
			4.652927756	-0.011339009	0.034133078								
			4.662267387	-0.011338938	0.034133086								
			4.671607016	-0.011338868	0.034133094								
			4.680946644	-0.0113388	0.034133102								
			4.690286271	-0.011338733	0.03413311								
			4.699625896	-0.011338667	0.034133118								
			4.708965521	-0.011338603	0.034133125								
			4.718305143	-0.01133854	0.034133133								
			4.727644765	-0.011338477	0.03413314								
			4.736984385	-0.011338416	0.034133147								
			4.746324005	-0.011338355	0.034133154								
			4.755663623	-0.011338295	0.034133161								
			4.765003241	-0.011338235	0.034133167								
			4.774342857	-0.011338178	0.034133174								
			4.783682475	-0.01133812	0.03413318								
			4.793022088	-0.011338064	0.034133187								
			4.802361703	-0.011338008	0.034133193								
			4.811701314	-0.011337954	0.034133199								
			4.821040927	-0.011337901	0.034133205								
			4.830380536	-0.011337848	0.034133211								
			4.839720146	-0.011337796	0.034133217								
			4.849059754	-0.011337746	0.034133222								
			4.858399363	-0.011337695	0.034133228								
			4.867738969	-0.011337647	0.034133233								
			4.877078576	-0.011337598	0.034133238								
			4.88641818	-0.01133755	0.034133244								
			4.895757785	-0.011337503	0.034133249								
			4.905097388	-0.011337457	0.034133254								
			4.91443699	-0.011337411	0.034133259								
			4.923776592	-0.011337366	0.034133263								
			4.933116193	-0.011337322	0.034133268								
			4.942455794	-0.011337278	0.034133273								
			4.951795393	-0.011337236	0.034133277								
			4.961134993	-0.011337193	0.034133282								
			4.97047459	-0.011337152	0.034133286								
			4.979814189	-0.01133711	0.034133291								
			4.989153784	-0.011337071	0.034133295								
			4.998493381	-0.011337031	0.034133299								
			5.007832975	-0.011336992	0.034133303								
			5.01717257	-0.011336954	0.034133307								
			5.026512164	-0.011336916	0.034133311								
			5.035851757	-0.011336879	0.034133315								
			5.045191349	-0.011336842	0.034133319								
			5.054530942	-0.011336806	0.034133323								
			5.063870533	-0.011336771	0.034133326								
			5.073210124	-0.011336735	0.03413333								
			5.082549714	-0.011336701	0.034133333								
			5.091889304	-0.011336666	0.034133337								
			5.101228893	-0.011336633	0.03413334								
			5.110568482	-0.0113366	0.034133344								
			5.11990807	-0.011336567	0.034133347								
			5.129247657	-0.011336535	0.03413335								
			5.138587244	-0.011336504	0.034133353								
			5.14792683	-0.011336472	0.034133357								
			5.157266416	-0.011336442	0.03413336								
			5.166606001	-0.011336412	0.034133363								
			5.175945586	-0.011336382	0.034133366								
			5.185285171	-0.011336352	0.034133368								
			5.194624754	-0.011336323	0.034133371								
			5.203964338	-0.011336295	0.034133374								
			5.213303921	-0.011336267	0.034133377								
			5.222643503	-0.011336239	0.03413338								
			5.231983086	-0.011336211	0.034133382								
			5.241322667	-0.011336185	0.034133385								
			5.250662249	-0.011336158	0.034133388								
			5.26000183	-0.011336131	0.03413339								
			5.26934141	-0.011336105	0.034133393								
			5.27868099	-0.01133608	0.034133395								
			5.28802057	-0.011336055	0.034133398								
			5.297360149	-0.01133603	0.0341334								
			5.306699728	-0.011336006	0.034133402								
			5.316039307	-0.011335982	0.034133405								
			5.325378885	-0.011335958	0.034133407								