exp: x/lambda	exp: y/lambda	exp: z/lambda	theory: x/lambda	theory: y/lambda	theory: z/lambda
-1.990247381	-0.001710315	0.032538611	-4	0	0.033333333
-1.983117496	-0.000186519	0.03159992	-3.990706657	-3.06E-09	0.033333334
-1.973602953	-0.001232289	0.03032514	-3.981413314	-6.05E-09	0.033333334
-1.965158927	0.000246172	0.028794016	-3.972119971	-9.21E-09	0.033333334
-1.956853301	0.000741716	0.0277105	-3.962826627	-1.22E-08	0.033333334
-1.949686302	0.000152666	0.029771506	-3.953533284	-1.54E-08	0.033333335
-1.941097153	-0.001065996	0.031595265	-3.944239941	-1.85E-08	0.033333335
-1.931550383	7.8386E-05	0.033064459	-3.934946599	-2.18E-08	0.033333335
-1.923542965	-0.001574479	0.034028643	-3.925653256	-2.49E-08	0.033333335
-1.91637387	-0.000728389	0.033827774	-3.916359913	-2.82E-08	0.033333336
-1.908165084	-0.000158753	0.033946708	-3.90706657	-3.14E-08	0.033333336
-1.898722141	-0.002030678	0.034754485	-3.897773227	-3.48E-08	0.033333336
-1.892869728	-0.000252769	0.034734738	-3.888479884	-3.80E-08	0.033333336
-1.884102743	0.000354207	0.03224128	-3.879186542	-4.15E-08	0.033333337
-1.875869622	-0.000461828	0.030650199	-3.869893199	-4.48E-08	0.033333337
-1.869239622	-0.000466075	0.029817574	-3.860599856	-4.83E-08	0.033333337
-1.859551741	0.000500679	0.030221454	-3.851306513	-5.16E-08	0.033333337
-1.851216643	0.000551073	0.032526515	-3.842013171	-5.53E-08	0.033333338
-1.843011633	-0.000477795	0.033411405	-3.832719828	-5.87E-08	0.033333338
-1.835541892	-0.00010559	0.033190076	-3.823426486	-6.24E-08	0.033333338
-1.826684866	-8.82845E-05	0.033171652	-3.814133143	-6.60E-08	0.033333339
-1.820239379	-0.000258378	0.033229779	-3.804839801	-6.98E-08	0.033333339
-1.810766618	-0.001946816	0.03323852	-3.795546459	-7.36E-08	0.033333339
-1.803224973	-0.001503007	0.033228658	-3.786253116	-7.74E-08	0.03333334
-1.794993718	-0.000192241	0.033374966	-3.776959774	-8.12E-08	0.03333334
-1.787113173	0.000619049	0.03405771	-3.767666432	-8.52E-08	0.03333334
-1.778702145	-0.000810366	0.03376749	-3.75837309	-8.93E-08	0.033333341
-1.771565	-0.000188222	0.033118026	-3.749079748	-9.33E-08	0.033333341
-1.763148759	-0.000283839	0.033448466	-3.739786406	-9.75E-08	0.033333341
-1.754779003	-0.001370316	0.034514714	-3.730493064	-1.02E-07	0.033333342
-1.747876985	-0.000372858	0.034400692	-3.721199722	-1.06E-07	0.033333342
-1.739466668	-0.001579173	0.03197279	-3.711906381	-1.10E-07	0.033333342
-1.730367308	-0.001288536	0.031269571	-3.702613039	-1.15E-07	0.033333343
-1.721058209	-2.8276E-05	0.032322448	-3.693319697	-1.19E-07	0.033333343
-1.715204548	0.000667068	0.032912847	-3.684026356	-1.23E-07	0.033333343
-1.707090402	-0.000910614	0.033660044	-3.674733014	-1.28E-07	0.033333344
-1.697344275	-0.000324329	0.033986062	-3.665439673	-1.32E-07	0.033333344
-1.689747563	0.00044627	0.03377407	-3.656146331	-1.37E-07	0.033333345
-1.683515464	0.000647052	0.033499055	-3.64685299	-1.42E-07	0.033333345
-1.67364544	-0.000728429	0.032248325	-3.637559649	-1.46E-07	0.033333345
-1.667041785	-0.000148421	0.031822517	-3.628266307	-1.51E-07	0.033333346
-1.659115638	-0.001171646	0.032489544	-3.618972966	-1.56E-07	0.033333346
-1.652544028	-6.85608E-05	0.032324588	-3.609679625	-1.61E-07	0.033333347
-1.642384867	5.77125E-05	0.031575465	-3.600386284	-1.66E-07	0.033333347
-1.633308166	-0.000988942	0.031516792	-3.591092943	-1.71E-07	0.033333347
-1.626986647	-0.000217807	0.031851439	-3.581799602	-1.76E-07	0.033333348
-1.616414122	-0.000401727	0.032337442	-3.572506261	-1.81E-07	0.033333348
-1.609057853	0.000531179	0.032569121	-3.563212921	-1.86E-07	0.033333349
-1.600610436	-0.000894829	0.0348167	-3.55391958	-1.92E-07	0.033333349
-1.592826228	-9.17369E-05	0.038132204	-3.544626239	-1.97E-07	0.03333335
-1.583910655	-0.001541783	0.036825079	-3.535332899	-2.02E-07	0.03333335
-1.575985961	-0.000382137	0.033642389	-3.526039559	-2.08E-07	0.033333351
-1.568637695	-0.000427019	0.033161398	-3.516746218	-2.13E-07	0.033333351
-1.560597769	0.001147496	0.03447833	-3.507452878	-2.19E-07	0.033333352
-1.553127393	0.000592309	0.03444855	-3.498159538	-2.25E-07	0.033333352
-1.545063092	0.000845734	0.033201032	-3.488866198	-2.31E-07	0.033333353
-1.53640879	0.000496987	0.032631009	-3.479572858	-2.37E-07	0.033333353
-1.528000559	-0.000223783	0.03264962	-3.470279518	-2.42E-07	0.033333354
-1.519377746	-0.000822743	0.032522111	-3.460986178	-2.48E-07	0.033333354
-1.51323317	0.001119536	0.032406854	-3.451692838	-2.55E-07	0.033333355
-1.504587468	3.72088E-05	0.031496306	-3.442399499	-2.61E-07	0.033333355
-1.496954846	-9.17901E-05	0.030367712	-3.433106159	-2.67E-07	0.033333356
-1.487976636	-0.000196853	0.030658757	-3.42381282	-2.73E-07	0.033333356
-1.476960472	0.000324821	0.033738228	-3.41451948	-2.80E-07	0.033333357
-1.471875529	-0.001815225	0.032624054	-3.405226141	-2.86E-07	0.033333358
-1.463630061	0.00076691	0.030759844	-3.395932802	-2.93E-07	0.033333358
-1.456311203	0.000261588	0.029228728	-3.386639463	-2.99E-07	0.033333359
-1.447177963	-0.000763743	0.027834922	-3.377346124	-3.06E-07	0.033333359
-1.439935468	0.001619573	0.028162684	-3.368052785	-3.13E-07	0.03333336
-1.431502688	-0.000418607	0.030671257	-3.358759447	-3.20E-07	0.033333361
-1.423668595	-0.002187847	0.031004907	-3.349466108	-3.27E-07	0.033333361
-1.415268744	0.001287231	0.0304466	-3.34017277	-3.34E-07	0.033333362
-1.407998765	-0.000196457	0.033172686	-3.330879431	-3.42E-07	0.033333363
-1.398108274	0.001903255	0.035463254	-3.321586093	-3.49E-07	0.033333363
-1.390307353	0.000157464	0.03542425	-3.312292755	-3.57E-07	0.033333364
-1.384124089	0.001411722	0.035393333	-3.302999417	-3.64E-07	0.033333365
-1.373284644	-0.00096622	0.031835438	-3.293706079	-3.72E-07	0.033333365
-1.366670221	0.000744344	0.029533546	-3.284412741	-3.80E-07	0.033333366
-1.358689461	-0.000276123	0.030987491	-3.275119404	-3.88E-07	0.033333367
-1.350655175	-0.000796006	0.032451187	-3.265826066	-3.96E-07	0.033333368
-1.343079628	0.000130892	0.033031551	-3.256532729	-4.04E-07	0.033333368
-1.334249251	-0.000180317	0.033162329	-3.247239391	-4.12E-07	0.033333369
-1.32747841	0.001872617	0.034087272	-3.237946055	-4.21E-07	0.03333337
-1.316611142	-0.001154869	0.035879128	-3.228652717	-4.29E-07	0.033333371
-1.309792087	0.000810656	0.033677065	-3.21935938	-4.38E-07	0.033333372
-1.301555994	0.000959467	0.030877115	-3.210066044	-4.46E-07	0.033333372
-1.294253155	0.001155936	0.030725703	-3.200772707	-4.55E-07	0.033333373
-1.286660385	-2.73231E-05	0.030740552	-3.19147937	-4.64E-07	0.033333374
-1.277314447	-0.001067916	0.033898216	-3.182186033	-4.73E-07	0.033333375
-1.271073898	0.002055663	0.036370173	-3.172892697	-4.82E-07	0.033333376
-1.261717644	-1.10E-05	0.035057386	-3.163599361	-4.91E-07	0.033333377
-1.254771215	0.000315193	0.033287128	-3.154306025	-5.00E-07	0.033333378
-1.245322252	-0.000803107	0.031439197	-3.145012689	-5.10E-07	0.033333379
-1.236013894	0.000638459	0.029899636	-3.135719353	-5.20E-07	0.03333338
-1.229404621	0.000528545	0.029827	-3.126426018	-5.29E-07	0.03333338
-1.221407972	0.000294933	0.029739116	-3.117132683	-5.39E-07	0.033333381
-1.213532176	0.000680486	0.030280331	-3.107839347	-5.50E-07	0.033333382
-1.205842003	0.000759274	0.031944601	-3.098546012	-5.60E-07	0.033333384
-1.197142632	0.000275652	0.032087602	-3.089252677	-5.70E-07	0.033333385
-1.188679189	-0.00069585	0.031665809	-3.079959343	-5.81E-07	0.033333386
-1.18134765	0.000548718	0.031813698	-3.070666009	-5.92E-07	0.033333387
-1.174092753	0.000829989	0.032486996	-3.061372675	-6.03E-07	0.033333388
-1.164590343	-0.000457382	0.032366343	-3.05207934	-6.14E-07	0.033333389
-1.157506201	0.001497165	0.032169352	-3.042786007	-6.26E-07	0.03333339
-1.147971344	-3.42923E-05	0.031551948	-3.033492673	-6.37E-07	0.033333391
-1.140194309	0.000758786	0.030778104	-3.02419934	-6.49E-07	0.033333392
-1.130038746	0.000493076	0.030877405	-3.014906006	-6.61E-07	0.033333394
-1.124500909	0.001042547	0.030942561	-3.005612674	-6.73E-07	0.033333395
-1.116195129	0.000919202	0.031421182	-2.996319341	-6.85E-07	0.033333396
-1.106772686	0.001388435	0.031960845	-2.987026008	-6.98E-07	0.033333397
-1.099419128	0.002357914	0.031842649	-2.977732676	-7.10E-07	0.033333399
-1.09171161	0.000426035	0.031984762	-2.968439343	-7.23E-07	0.0333334
-1.083554246	-0.000283113	0.032992727	-2.959146011	-7.35E-07	0.033333401
-1.076069879	-0.000428256	0.03394115	-2.949852679	-7.48E-07	0.033333402
-1.067163136	0.000307689	0.035461186	-2.940559347	-7.61E-07	0.033333404
-1.060149166	0.001069515	0.03646892	-2.931266015	-7.75E-07	0.033333405
-1.051207486	-4.48236E-05	0.033295345	-2.921972684	-7.88E-07	0.033333407
-1.042701174	0.000563459	0.030407659	-2.912679353	-8.02E-07	0.033333408
-1.03562934	-0.000169832	0.02992254	-2.903386022	-8.16E-07	0.03333341
-1.026647488	7.35E-06	0.029512827	-2.894092692	-8.31E-07	0.033333411
-1.018393412	0.000512092	0.030223005	-2.884799362	-8.45E-07	0.033333413
-1.011488056	0.001965364	0.03081714	-2.875506032	-8.61E-07	0.033333414
-1.003313623	-0.000192952	0.03011157	-2.866212703	-8.76E-07	0.033333416
-0.994630425	0.000952728	0.029349224	-2.856919374	-8.91E-07	0.033333417
-0.987900921	0.001912094	0.031043319	-2.847626044	-9.07E-07	0.033333419
-0.977806679	0.000511183	0.033004823	-2.838332716	-9.23E-07	0.033333421
-0.969206192	0.001732906	0.031274287	-2.829039388	-9.39E-07	0.033333423
-0.960518016	0.000405401	0.029526107	-2.81974606	-9.55E-07	0.033333424
-0.954916745	0.000752656	0.029190485	-2.810452732	-9.72E-07	0.033333426
-0.945606603	0.001114532	0.029680062	-2.801159405	-9.89E-07	0.033333428
-0.937144329	0.000967975	0.030006883	-2.791866078	-1.01E-06	0.03333343
-0.930402735	0.001242385	0.030243891	-2.782572752	-1.02E-06	0.033333432
-0.922501683	0.000340383	0.029669051	-2.773279425	-1.04E-06	0.033333434
-0.913787001	0.001054383	0.029009775	-2.763986099	-1.06E-06	0.033333436
-0.903719533	-0.000279647	0.032448805	-2.754692773	-1.08E-06	0.033333438
-0.89840386	-0.000328106	0.034432419	-2.745399447	-1.10E-06	0.03333344
-0.889296643	0.000521184	0.034749903	-2.736106122	-1.12E-06	0.033333442
-0.882389411	0.000207241	0.034990694	-2.726812797	-1.13E-06	0.033333444
-0.874059281	0.000396459	0.032322619	-2.717519472	-1.15E-06	0.033333446
-0.864024461	0.001648714	0.031304147	-2.708226147	-1.17E-06	0.033333448
-0.859076834	0.000437751	0.032255113	-2.698932822	-1.19E-06	0.03333345
-0.849088353	-0.000148531	0.034174965	-2.689639499	-1.21E-06	0.033333453
-0.841187249	0.000247997	0.032172239	-2.680346176	-1.23E-06	0.033333455
-0.832890052	0.000433926	0.029882154	-2.671052853	-1.26E-06	0.033333457
-0.824370984	0.000649303	0.030115485	-2.66175953	-1.28E-06	0.03333346
-0.817175143	0.00011979	0.030358162	-2.652466208	-1.30E-06	0.033333462
-0.810644427	0.00099156	0.030451583	-2.643172887	-1.32E-06	0.033333465
-0.801719421	2.17193E-05	0.030541854	-2.633879566	-1.34E-06	0.033333467
-0.792856267	0.001177041	0.033367737	-2.624586245	-1.37E-06	0.03333347
-0.783507401	0.001462688	0.034949035	-2.615292925	-1.39E-06	0.033333473
-0.775709252	-5.71935E-05	0.033488417	-2.605999605	-1.41E-06	0.033333475
-0.767365829	0.000715863	0.031932519	-2.596706285	-1.44E-06	0.033333478
-0.760195061	0.001996445	0.030612744	-2.587412966	-1.46E-06	0.033333481
-0.751246742	0.003177107	0.028965812	-2.578119648	-1.49E-06	0.033333484
-0.743273467	0.00149977	0.030181937	-2.56882633	-1.51E-06	0.033333487
-0.735113369	0.000978065	0.031363415	-2.559533012	-1.54E-06	0.03333349
-0.727423701	0.000743576	0.031332455	-2.550239695	-1.56E-06	0.033333493
-0.719706582	0.000677344	0.031301384	-2.540946379	-1.59E-06	0.033333496
-0.712865378	6.43646E-05	0.031027144	-2.531653063	-1.62E-06	0.033333499
-0.703933184	0.000787383	0.030655947	-2.522359748	-1.64E-06	0.033333503
-0.694307446	-0.001026055	0.031199472	-2.513066432	-1.67E-06	0.033333506
-0.688473633	0.001118604	0.031739702	-2.503773117	-1.70E-06	0.033333509
-0.676796881	0.000594713	0.03254378	-2.494479802	-1.73E-06	0.033333513
-0.670760831	0.000385386	0.031857782	-2.485186489	-1.76E-06	0.033333516
-0.661964001	-0.00106869	0.03050236	-2.475893176	-1.79E-06	0.03333352
-0.654334625	0.00058411	0.03003621	-2.466599863	-1.82E-06	0.033333524
-0.646592684	0.002811794	0.030790471	-2.457306553	-1.85E-06	0.033333527
-0.638583102	-0.0004028	0.031570807	-2.448013241	-1.88E-06	0.033333531
-0.629921515	0.001421501	0.03270188	-2.438719932	-1.91E-06	0.033333535
-0.622427528	0.001210937	0.033441682	-2.429426622	-1.95E-06	0.033333539
-0.613195788	0.000712554	0.031636446	-2.420133314	-1.98E-06	0.033333543
-0.605827816	-0.001134302	0.030195663	-2.410840007	-2.02E-06	0.033333548
-0.59856004	-0.001667416	0.030862744	-2.401546701	-2.05E-06	0.033333552
-0.589017435	-0.000826537	0.031397227	-2.392253395	-2.09E-06	0.033333557
-0.580497508	0.000304675	0.03020578	-2.382960089	-2.13E-06	0.033333561
-0.572883529	0.000807372	0.029743754	-2.373666785	-2.16E-06	0.033333566
-0.563916534	0.000224737	0.031530292	-2.36437348	-2.20E-06	0.033333571
-0.556515784	0.000463433	0.033004779	-2.355080177	-2.24E-06	0.033333575
-0.549273807	-0.001401371	0.032030796	-2.345786875	-2.28E-06	0.03333358
-0.540982998	7.23E-07	0.030594143	-2.336493574	-2.32E-06	0.033333585
-0.532182837	0.000742808	0.032198758	-2.327200273	-2.36E-06	0.033333591
-0.523756482	0.001339338	0.033326588	-2.317906973	-2.40E-06	0.033333596
-0.515843998	0.000606671	0.030730165	-2.308613674	-2.44E-06	0.033333601
-0.50821519	-0.000475407	0.030398183	-2.299320376	-2.48E-06	0.033333607
-0.499653053	-0.00038464	0.033999042	-2.290027078	-2.53E-06	0.033333612
-0.491163986	0.000821048	0.033938915	-2.280733782	-2.57E-06	0.033333618
-0.483996357	0.000330654	0.031874872	-2.271440486	-2.62E-06	0.033333624
-0.476022569	-6.26926E-05	0.030010232	-2.262147191	-2.66E-06	0.03333363
-0.467393812	3.61706E-05	0.031072838	-2.252853897	-2.71E-06	0.033333636
-0.459113117	0.000954555	0.03190579	-2.243560604	-2.75E-06	0.033333642
-0.45043423	0.000220521	0.031635437	-2.234267313	-2.80E-06	0.033333649
-0.445365815	0.000874384	0.031610581	-2.224974023	-2.85E-06	0.033333656
-0.435324801	0.00075261	0.032475878	-2.215680734	-2.90E-06	0.033333662
-0.426766861	0.001907358	0.031100767	-2.206387445	-2.96E-06	0.033333669
-0.419382998	0.001793302	0.029074455	-2.197094159	-3.01E-06	0.033333676
-0.411906695	0.000905415	0.028105998	-2.187800874	-3.06E-06	0.033333684
-0.403478137	5.26071E-05	0.030965507	-2.17850759	-3.12E-06	0.033333691
-0.393896637	0.001328242	0.032702067	-2.169214307	-3.17E-06	0.033333699
-0.38732812	0.000492843	0.032907187	-2.159921025	-3.23E-06	0.033333707
-0.37835964	0.001711541	0.032135122	-2.150627745	-3.29E-06	0.033333715
-0.370155442	0.001283334	0.029326942	-2.141334466	-3.35E-06	0.033333723
-0.362334076	0.000660251	0.028836537	-2.132041188	-3.41E-06	0.033333731
-0.353670953	0.000574253	0.030036462	-2.12274791	-3.47E-06	0.03333374
-0.345704093	0.000386795	0.031026541	-2.113454636	-3.54E-06	0.033333749
-0.337851343	0.001161057	0.031092575	-2.104161361	-3.60E-06	0.033333757
-0.330231719	0.000617436	0.030949408	-2.094868088	-3.66E-06	0.033333767
-0.320989479	8.61216E-05	0.030357818	-2.085574816	-3.73E-06	0.033333776
-0.314759077	0.001070471	0.030175402	-2.076281545	-3.80E-06	0.033333786
-0.303220448	-0.000360802	0.031120764	-2.066988276	-3.87E-06	0.033333795
-0.297002904	-0.001238911	0.031791157	-2.057695008	-3.93E-06	0.033333805
-0.291062987	-9.9542E-05	0.032492589	-2.048401742	-4.01E-06	0.033333816
-0.280328909	0.000102453	0.033254871	-2.039108479	-4.08E-06	0.033333826
-0.273749396	-0.000668043	0.032780168	-2.029815216	-4.15E-06	0.033333837
-0.265450559	0.000595728	0.033191005	-2.020521956	-4.23E-06	0.033333848
-0.256237191	0.000429342	0.033663494	-2.011228697	-4.31E-06	0.033333859
-0.249934567	0.001324193	0.032429212	-2.001935441	-4.39E-06	0.033333871
-0.240000487	-0.000799157	0.030483758	-1.992642187	-4.47E-06	0.033333883
-0.23321246	0.000457205	0.029638775	-1.983348934	-4.55E-06	0.033333895
-0.223944153	-0.000498045	0.029592434	-1.974055684	-4.64E-06	0.033333908
-0.216473308	-0.001149494	0.03018841	-1.964762433	-4.72E-06	0.033333921
-0.209014899	-0.001503755	0.031188718	-1.955469188	-4.81E-06	0.033333934
-0.200594397	-0.000517215	0.031712696	-1.946175942	-4.90E-06	0.033333948
-0.192537199	-0.001600459	0.031893722	-1.936882703	-5.00E-06	0.033333962
-0.185050268	-0.00026709	0.031852649	-1.927589465	-5.09E-06	0.033333976
-0.177084906	0.000719439	0.031518853	-1.918296231	-5.19E-06	0.033333991
-0.168165058	-0.00112741	0.029960159	-1.909002998	-5.29E-06	0.033334007
-0.160088344	0.000749128	0.028443983	-1.899709767	-5.39E-06	0.033334022
-0.151038555	-0.000958678	0.029938691	-1.890416538	-5.50E-06	0.033334038
-0.142818078	-0.00076173	0.032649936	-1.881123312	-5.60E-06	0.033334055
-0.136802681	-0.000975524	0.033419963	-1.871830089	-5.71E-06	0.033334071
-0.127917493	0.000453989	0.033354302	-1.862536863	-5.82E-06	0.033334088
-0.121978615	-0.001140031	0.03287041	-1.853243646	-5.93E-06	0.033334106
-0.110654946	-0.001250121	0.031379657	-1.843950427	-6.04E-06	0.033334124
-0.104711166	-0.002925382	0.030522067	-1.834657214	-6.16E-06	0.033334143
-0.09446723	-0.001888958	0.029044035	-1.825364002	-6.28E-06	0.033334162
-0.086596905	-0.000239095	0.031601306	-1.816070796	-6.40E-06	0.033334182
-0.079859867	0.000540295	0.034104119	-1.806777591	-6.53E-06	0.033334202
-0.070895984	-0.000440915	0.034059442	-1.79748439	-6.66E-06	0.033334223
-0.064030872	-0.001059293	0.032764897	-1.788191191	-6.79E-06	0.033334244
-0.056161446	-0.001085941	0.031641277	-1.778898	-6.93E-06	0.033334266
-0.048739218	-0.001487083	0.030873804	-1.769604808	-7.06E-06	0.033334289
-0.038937049	-0.001954594	0.031768482	-1.760311623	-7.20E-06	0.033334312
-0.031689608	-0.001202421	0.032690509	-1.751018439	-7.35E-06	0.033334336
-0.023139672	-2.99027E-05	0.031421946	-1.741725262	-7.50E-06	0.033334361
-0.015147603	-0.001863259	0.02982719	-1.732432086	-7.65E-06	0.033334386
-0.008074569	-0.000365332	0.030984478	-1.723138916	-7.81E-06	0.033334412
-0.002145943	0.00093626	0.032000576	-1.71384575	-7.96E-06	0.033334439
0.008188856	-0.000792594	0.03313626	-1.704552588	-8.13E-06	0.033334466
0.016409862	-0.002211437	0.033581585	-1.695259431	-8.29E-06	0.033334495
0.02414799	-0.00048999	0.034512291	-1.685966278	-8.46E-06	0.033334524
0.032902274	4.61545E-05	0.035762932	-1.676673131	-8.64E-06	0.033334554
0.041326454	-0.001673776	0.036110907	-1.667379987	-8.82E-06	0.033334585
0.049693075	-0.001195966	0.036443129	-1.658086847	-9.00E-06	0.033334616
0.056915877	-0.000973406	0.035473723	-1.648793711	-9.18E-06	0.033334649
0.066100842	-0.00175793	0.032577	-1.639500586	-9.38E-06	0.033334683
0.075584478	-0.001423368	0.034048609	-1.630207457	-9.57E-06	0.033334717
0.080772132	-0.000686464	0.035710017	-1.620914342	-9.77E-06	0.033334753
0.089565239	-1.25E-05	0.036518497	-1.61162122	-9.97E-06	0.033334789
0.096975262	-0.001416947	0.037100556	-1.602328112	-1.02E-05	0.033334826
0.10662348	-0.000434518	0.036495594	-1.593035002	-1.04E-05	0.033334864
0.113500791	-0.001840165	0.035799536	-1.583741909	-1.06E-05	0.033334905
0.123727617	-0.00051146	0.034775679	-1.57444881	-1.08E-05	0.033334945
0.131330341	-0.000632008	0.034016065	-1.565155731	-1.11E-05	0.033334988
0.137801397	0.00024158	0.034009829	-1.555862646	-1.13E-05	0.033335031
0.145381218	-0.000584692	0.034207694	-1.546569577	-1.15E-05	0.033335076
0.153367613	-0.000704517	0.03435033	-1.53727651	-1.18E-05	0.033335122
0.162751112	-2.70173E-05	0.034515073	-1.527983458	-1.21E-05	0.033335171
0.170555054	0.000670744	0.035215184	-1.518690406	-1.23E-05	0.03333522
0.179969745	0.000580385	0.036045443	-1.509397372	-1.26E-05	0.033335271
0.187244592	-0.000148376	0.036009164	-1.500104334	-1.29E-05	0.033335324
0.194770972	0.000241947	0.036048888	-1.490811316	-1.32E-05	0.033335379
0.203340882	-0.00053068	0.036993242	-1.48151829	-1.34E-05	0.033335434
0.210383143	0.000652018	0.037769257	-1.472225291	-1.37E-05	0.033335492
0.21999459	0.000714762	0.036999818	-1.462932289	-1.40E-05	0.033335552
0.22802741	0.000222033	0.036189206	-1.453639306	-1.44E-05	0.033335614
0.234991553	0.000339611	0.035476182	-1.444346325	-1.47E-05	0.033335677
0.242615652	0.000707576	0.034695589	-1.435053358	-1.50E-05	0.033335743
0.250443381	0.000851348	0.035391662	-1.425760396	-1.54E-05	0.033335811
0.257919627	0.00133412	0.036748173	-1.416467447	-1.57E-05	0.033335881
0.26867894	0.00213504	0.03824182	-1.407174506	-1.61E-05	0.033335953
0.276555419	0.000185559	0.039134584	-1.397881574	-1.64E-05	0.033336027
0.28401271	0.001721141	0.039009457	-1.388588658	-1.68E-05	0.033336105
0.291738162	0.002333972	0.0387919	-1.379295749	-1.72E-05	0.033336184
0.300364688	0.001284733	0.038152219	-1.370002853	-1.76E-05	0.033336266
0.308857076	0.003279771	0.037530506	-1.360709962	-1.80E-05	0.03333635
0.317826794	0.002049648	0.037335608	-1.351417093	-1.84E-05	0.033336438
0.323752222	0.002531182	0.037206857	-1.34212423	-1.88E-05	0.033336528
0.334429151	0.002471315	0.038129646	-1.332831402	-1.93E-05	0.033336624
0.340229331	0.002335146	0.03858211	-1.323538569	-1.97E-05	0.033336721
0.349629513	0.003032458	0.039103647	-1.314245773	-2.02E-05	0.033336824
0.357708012	0.003253902	0.039192589	-1.30495297	-2.07E-05	0.033336927
0.365247659	0.002434855	0.037103087	-1.295660199	-2.12E-05	0.033337037
0.37456503	0.004135042	0.03515405	-1.28636743	-2.17E-05	0.033337148
0.383606483	0.004744672	0.03506529	-1.277074697	-2.22E-05	0.033337266
0.391373362	0.004130326	0.034989043	-1.267781964	-2.28E-05	0.033337385
0.399127799	0.001865153	0.034932813	-1.258489266	-2.34E-05	0.033337511
0.406387247	0.003511435	0.034880391	-1.24919657	-2.39E-05	0.03333764
0.415060219	0.003978461	0.037409452	-1.239903905	-2.45E-05	0.033337775
0.422911688	0.003346132	0.037633308	-1.230611256	-2.51E-05	0.033337914
0.43231964	0.002901449	0.03644636	-1.221318623	-2.58E-05	0.033338058
0.439554322	0.003554793	0.036130774	-1.212026015	-2.64E-05	0.033338207
0.44704908	0.002730004	0.036376048	-1.20273342	-2.71E-05	0.033338361
0.456703711	0.00442578	0.036692006	-1.193440845	-2.77E-05	0.03333852
0.465122048	0.00410426	0.036084605	-1.184148301	-2.85E-05	0.033338686
0.473562539	0.004994541	0.03544519	-1.174855779	-2.92E-05	0.033338858
0.481348412	0.003706141	0.034354378	-1.165563283	-2.99E-05	0.033339037
0.488843521	0.003136911	0.033508872	-1.156270816	-3.07E-05	0.033339222
0.495220479	0.005036127	0.032964353	-1.14697837	-3.15E-05	0.033339414
0.50505016	0.003928001	0.032135617	-1.137685962	-3.23E-05	0.033339615
0.514203868	0.004870028	0.031415752	-1.12839356	-3.31E-05	0.03333982
0.520858411	0.004403289	0.032154149	-1.119101207	-3.40E-05	0.033340036
0.528620476	0.003425904	0.033783545	-1.109808868	-3.49E-05	0.033340258
0.536477453	0.003328432	0.033863949	-1.100516581	-3.58E-05	0.033340491
0.545015434	0.002237154	0.03319515	-1.091224306	-3.68E-05	0.033340731
0.552724228	0.002817886	0.032229259	-1.0819321	-3.78E-05	0.033340985
0.561782514	0.003014581	0.030801404	-1.072639904	-3.88E-05	0.033341245
0.569327022	0.003400067	0.029612595	-1.063347746	-3.98E-05	0.033341517
0.577113013	0.00271843	0.029480765	-1.054055613	-4.09E-05	0.033341797
0.585566901	0.002946649	0.029489099	-1.04476353	-4.20E-05	0.03334209
0.590795167	0.004938312	0.029787051	-1.035471496	-4.31E-05	0.033342395
0.60278205	0.003256311	0.030985033	-1.026179515	-4.43E-05	0.033342715
0.609693353	0.000458545	0.032176325	-1.01688756	-4.55E-05	0.033343045
0.61709048	0.002415771	0.033451358	-1.00759567	-4.68E-05	0.033343392
0.625896639	0.002424397	0.031475695	-0.998303806	-4.81E-05	0.033343749
0.635228438	0.000776431	0.030449463	-0.989012015	-4.95E-05	0.033344126
0.641389608	0.000196596	0.032658802	-0.979720263	-5.08E-05	0.033344515
0.648111629	0.000807941	0.033232833	-0.970428582	-5.23E-05	0.033344925
0.657939769	0.00039047	0.032010374	-0.96113691	-5.38E-05	0.033345345
0.664399652	-0.002004829	0.031206871	-0.951845338	-5.53E-05	0.033345789
0.673201085	-1.52E-05	0.031357527	-0.942553791	-5.69E-05	0.033346247
0.682310968	1.59E-05	0.03021345	-0.93326234	-5.85E-05	0.03334673
0.689019123	-0.000268446	0.028627335	-0.923970925	-6.02E-05	0.033347229
0.697661729	-6.20828E-05	0.028410324	-0.914679597	-6.20E-05	0.033347754
0.706853736	0.000297132	0.029375678	-0.905388336	-6.38E-05	0.033348298
0.714241513	6.93435E-05	0.028412834	-0.896097165	-6.56E-05	0.033348872
0.722909589	0.000217512	0.027171844	-0.886806013	-6.76E-05	0.033349463
0.730182952	0.000411956	0.027190993	-0.877514993	-6.96E-05	0.033350088
0.740207822	0.000147623	0.027217385	-0.868224029	-7.16E-05	0.033350737
0.746337674	-0.001289547	0.027477908	-0.85893315	-7.38E-05	0.033351417
0.756261711	-0.001245788	0.028200148	-0.849642404	-7.61E-05	0.033352135
0.763892674	-0.002143762	0.028476624	-0.840351689	-7.84E-05	0.033352876
0.770845217	-0.000925797	0.028710394	-0.831061144	-8.08E-05	0.033353662
0.780078703	-0.001113589	0.02879401	-0.821770625	-8.32E-05	0.033354474
0.78731783	-0.002505208	0.028738453	-0.812480269	-8.58E-05	0.033355332
0.79499886	-0.002130141	0.028992814	-0.803189976	-8.85E-05	0.033356224
0.804419333	-0.002413049	0.029866645	-0.793899822	-9.12E-05	0.033357162
0.810915891	-0.002000399	0.030224676	-0.784609775	-9.41E-05	0.033358145
0.817909513	-0.00272977	0.030479388	-0.775319835	-9.71E-05	0.033359171
0.826854167	-0.002774309	0.030256423	-0.766030048	-0.00010014	0.03336025
0.836359728	-0.002496677	0.029089463	-0.75674036	-0.000103322	0.033361378
0.842587828	-0.00278578	0.028177408	-0.747450833	-0.000106621	0.033362563
0.851503026	-0.002706979	0.026871848	-0.738161495	-0.000110094	0.033363816
0.859461082	-0.003876566	0.026372245	-0.72887228	-0.000113664	0.033365124
0.867167093	-0.002529027	0.027549512	-0.719583227	-0.000117396	0.033366501
0.87503902	-0.003382253	0.028324547	-0.71029432	-0.000121228	0.033367941
0.884043628	-0.002978198	0.028737677	-0.701005613	-0.000125243	0.03336946
0.892583557	-0.002760992	0.029340265	-0.69171708	-0.000129373	0.033371052
0.900736171	-0.003667915	0.030054979	-0.682428719	-0.000133688	0.033372727
0.90870514	-0.003283631	0.030289644	-0.673140591	-0.000138143	0.03337449
0.918017475	-0.003344222	0.030238923	-0.663852626	-0.000142798	0.033376342
0.923487841	-0.003143134	0.030252104	-0.654564854	-0.000147583	0.033378283
0.932033551	-0.003720819	0.031767578	-0.645277311	-0.000152597	0.033380332
0.940618133	-0.004679411	0.032250343	-0.635990121	-0.000157849	0.033382507
0.9489195	-0.002923729	0.032283243	-0.626703009	-0.000163262	0.033384774
0.95619817	-0.002854029	0.031896764	-0.617416332	-0.000168921	0.033387186
0.965226784	-0.003277131	0.031296641	-0.608129779	-0.000174771	0.033389709
0.974169973	-0.004976379	0.03062726	-0.598843579	-0.000180864	0.033392379
0.981681389	-0.003280235	0.029956458	-0.589557593	-0.000187156	0.033395181
0.989928359	-0.00420651	0.029277496	-0.580271949	-0.00019374	0.033398147
0.998100021	-0.003652093	0.031690998	-0.570986605	-0.000200547	0.03340127
1.005910334	-0.003238256	0.031510266	-0.56170151	-0.000207632	0.033404559
1.015230819	-0.004330477	0.031294588	-0.552416841	-0.000214994	0.033408041
1.023353152	-0.002190307	0.0313911	-0.543132468	-0.000222672	0.033411715
1.030711347	-0.003324234	0.03160596	-0.533848374	-0.000230584	0.033415576
1.038094221	-0.003384743	0.031661807	-0.524564786	-0.000238894	0.033419684
1.04688343	-0.004829781	0.031631238	-0.515281588	-0.00024753	0.033424024
1.055543997	-0.001923605	0.03240092	-0.505998888	-0.000256533	0.033428626
1.064238202	-0.005129286	0.032755362	-0.496716583	-0.000265898	0.03343349
1.071439327	-0.003685895	0.031807156	-0.487434754	-0.000275685	0.033438646
1.081009195	-0.003178231	0.031126177	-0.478153443	-0.000285932	0.033444119
1.089403793	-0.003415172	0.032762422	-0.468872693	-0.000296535	0.033449916
1.098168837	-0.003338503	0.033939129	-0.459592496	-0.000307636	0.033456071
1.105005422	-0.002519102	0.03365079	-0.450312798	-0.000319134	0.033462583
1.111862901	-0.005473276	0.033361569	-0.44103374	-0.000331181	0.033469506
1.119930789	-0.003064399	0.033332223	-0.431755344	-0.00034366	0.033476853
1.130103601	-0.003302572	0.033753496	-0.422477462	-0.000356722	0.033484643
1.13669575	-0.004523092	0.034250603	-0.413200334	-0.000370205	0.033492913
1.14565777	-0.003607948	0.034914924	-0.403923908	-0.000384363	0.033501716
1.153454087	-0.001053033	0.035404952	-0.394648216	-0.000399077	0.033511068
1.161180066	-0.002704353	0.035890559	-0.385373577	-0.000414614	0.033521086
1.169425962	-0.004173466	0.036755352	-0.37609932	-0.000430526	0.033531639
1.176719108	-0.003460633	0.037597723	-0.366826075	-0.000447301	0.033542931
1.186546489	-0.00358683	0.038629669	-0.357553573	-0.000464584	0.033554901
1.193601072	-0.002495641	0.039370452	-0.348282217	-0.000482804	0.033567723
1.201299731	-0.003290888	0.038916398	-0.339011684	-0.000501553	0.033581327
1.210316755	-0.002528725	0.037956656	-0.329742181	-0.000521207	0.033595858
1.21972713	-0.003903333	0.035566344	-0.320473652	-0.000541491	0.033611311
1.228530477	-0.002668349	0.033489445	-0.31120625	-0.000562763	0.033627834
1.235573052	-0.003345655	0.034287929	-0.301940039	-0.000584725	0.033645443
1.243729559	-0.002599175	0.035212709	-0.292674985	-0.000607652	0.033664257
1.252149838	-0.001952127	0.035472901	-0.28341126	-0.000631382	0.033684339
1.261191051	-0.001252226	0.03586249	-0.274148577	-0.000656191	0.033705783
1.269288987	-0.003121314	0.036490376	-0.264887296	-0.000681798	0.033728678
1.276815044	-0.002590618	0.036596423	-0.255627244	-0.000708357	0.033753125
1.284510183	-0.000424907	0.035560898	-0.246368502	-0.000735912	0.033779241
1.293731294	-0.00342326	0.035335448	-0.237111339	-0.000764519	0.033807189
1.30157382	-0.002871531	0.037780453	-0.22785577	-0.00079419	0.033837099
1.311211019	-0.00159459	0.03960138	-0.218601554	-0.000824881	0.033869045
1.318478133	-0.000921639	0.037167031	-0.209348766	-0.000856535	0.033903167
1.327471081	0.000647519	0.0346183	-0.200097772	-0.000889289	0.0339397
1.334113422	-0.000724709	0.037328137	-0.190848191	-0.000922877	0.033978692
1.342898894	-0.000217564	0.040636018	-0.18160038	-0.000957702	0.034020432
1.352692902	-0.001592638	0.038167355	-0.172353873	-0.000993223	0.034064928
1.360584484	-8.90138E-05	0.037145075	-0.163109621	-0.00102998	0.034112631
1.368433729	2.75191E-05	0.036765115	-0.153866431	-0.001067364	0.034163404
1.376026046	0.000117541	0.036397592	-0.14462593	-0.001105983	0.034217862
1.383734855	0.000496223	0.037274035	-0.135385974	-0.001144871	0.034275635
1.392459595	-0.00018003	0.038277734	-0.126148557	-0.001184895	0.034337476
1.40026057	0.000211236	0.038453244	-0.116911746	-0.001224486	0.034402922
1.408534213	0.000986075	0.037974041	-0.107677332	-0.001265429	0.034472896
1.418727355	4.4881E-05	0.036621588	-0.098443194	-0.001305631	0.034546752
1.42454154	-0.00075892	0.03625468	-0.089210633	-0.001346549	0.034625285
1.43329018	0.000614861	0.03661551	-0.079979061	-0.001386567	0.034708218
1.440092649	0.000430353	0.036896072	-0.070749123	-0.001426945	0.034796191
1.450817018	0.001313009	0.036938026	-0.061518435	-0.001465479	0.034888315
1.45726251	-2.35276E-05	0.036992385	-0.052288419	-0.001503642	0.034985447
1.46611196	0.001740165	0.037204922	-0.04305921	-0.001539963	0.035087402
1.476024464	-4.07489E-05	0.03728704	-0.033828611	-0.001574509	0.035193815
1.482988548	0.002040575	0.035705758	-0.024598456	-0.00160732	0.035305232
1.492737493	0.000841293	0.034276391	-0.015367603	-0.00163782	0.035421311
1.499783692	0.001596985	0.034443364	-0.006135828	-0.001664899	0.035541767
1.506512339	0.000795485	0.034473498	0.003097594	-0.001688815	0.035666497
1.517452379	0.003030717	0.033991217	0.012332889	-0.001709153	0.035795358
1.524386105	0.001510665	0.033728294	0.021569004	-0.001725961	0.035928608
1.532079713	0.000348424	0.033496092	0.030808859	-0.001738086	0.036065041
1.540508673	-0.000533827	0.032370983	0.040048575	-0.001746327	0.036205948
1.548255934	-0.000107494	0.031229338	0.049293251	-0.001748452	0.03634906
1.557003558	-0.001208729	0.030193253	0.058541722	-0.001745981	0.036494999
1.564254022	0.001215818	0.029657505	0.067793005	-0.0017373	0.036643383
1.573330325	1.28E-07	0.029420457	0.077048576	-0.001722924	0.036793677
1.58311001	-0.000671166	0.03060108	0.086307137	-0.001702122	0.036945816
1.58966207	0.000424741	0.03150063	0.09557096	-0.001674529	0.037098606
1.598791291	-0.000364809	0.033163181	0.104844038	-0.001638245	0.037249634
1.606220877	0.000744258	0.032151824	0.11411844	-0.001596116	0.037402256
1.614049664	-0.002411751	0.031086125	0.123401112	-0.001544916	0.037552356
1.62195505	-0.000527977	0.030657304	0.132687009	-0.001487956	0.037702587
1.629529307	-0.00114986	0.030391515	0.141982096	-0.001420836	0.037848442
1.638510469	-0.001707106	0.030076357	0.151281221	-0.001347167	0.037992764
1.645119428	-0.001475009	0.029045295	0.160588455	-0.001263508	0.038131957
1.65358718	-0.00075381	0.029751211	0.169904559	-0.001171294	0.038265561
1.663611603	-0.001965424	0.0305869	0.17922433	-0.001070286	0.038394946
1.670943722	-0.002468389	0.030417928	0.188553645	-0.000960675	0.0385169
1.679965551	-0.001558595	0.028310012	0.197890208	-0.000841945	0.038631376
1.687574872	-0.001522837	0.027227991	0.20723352	-0.000715499	0.038738417
1.696257234	-0.002743065	0.026959891	0.216586086	-0.000581249	0.038835884
1.702994699	-0.003996832	0.027310563	0.225943172	-0.000437197	0.03892412
1.712371346	-0.003471273	0.02831482	0.235306936	-0.000287385	0.039003189
1.719856356	-0.001976405	0.028527971	0.244683352	-0.000126036	0.039065781
1.72907496	-0.002564799	0.028725751	0.254062125	4.07E-05	0.039119515
1.735126955	-0.004176628	0.028816061	0.263453738	0.000218872	0.03915388
1.744534872	-0.00242491	0.02878456	0.272853071	0.000402569	0.039173594
1.751671183	-0.003578803	0.029026929	0.282256972	0.000596196	0.039176571
1.761950689	-0.003253853	0.029887959	0.291670827	0.000795304	0.039160524
1.770768701	-0.003266641	0.029913395	0.301092108	0.001001738	0.039123974
1.775888027	-0.003913517	0.02960432	0.310517249	0.001213708	0.039068793
1.785621056	-0.003899633	0.028419118	0.319949891	0.001429156	0.038991602
1.792666747	-0.005732826	0.027331222	0.329387109	0.0016498	0.038891229
1.803968942	-0.003320293	0.027381475	0.338819552	0.001869532	0.03877754
1.810561734	-0.003480491	0.027907687	0.348260134	0.002093357	0.038634621
1.818817746	-0.003960429	0.027915995	0.357697677	0.002316201	0.038472699
1.826360145	-0.003639867	0.027843699	0.367143232	0.002539142	0.038278743
1.834094132	-0.004559661	0.027789221	0.376583725	0.002758599	0.03806471
1.842934918	-0.004082054	0.0277347	0.386022424	0.002975182	0.037824223
1.850967786	-0.004085226	0.02736876	0.395458248	0.003183487	0.037560642
1.860490743	-0.004409387	0.026668005	0.404889179	0.003382846	0.037273653
1.868291006	-0.004352667	0.027020636	0.414313019	0.003573237	0.03696192
1.87692331	-0.005421671	0.027505235	0.423725818	0.003749533	0.036633173
1.885154664	-0.004269976	0.029823083	0.433129628	0.003913501	0.036281045
1.892610808	-0.00427962	0.031501277	0.442521163	0.004059636	0.035912859
1.901046812	-0.004367311	0.030636405	0.451901919	0.004187648	0.035523522
1.909704012	-0.004056981	0.029748855	0.461267217	0.004295352	0.035120004
1.916549328	-0.002425974	0.029711211	0.470617225	0.004380194	0.034706131
1.926760639	-0.005411206	0.029785944	0.479951918	0.004441523	0.034278611
1.935387049	-0.005903201	0.028357612	0.489266624	0.00448034	0.033842952
1.942936654	-0.005196601	0.027484368	0.498565202	0.004491731	0.033394349
1.950195996	-0.004143255	0.028586822	0.507852733	0.004468588	0.03295148
1.958693675	-0.005163414	0.029877339	0.517115709	0.004423971	0.032499261
1.967621443	-0.005371715	0.028114603	0.526362932	0.00434947	0.032050311
1.974974446	-0.004967499	0.026185663	0.535592818	0.004245755	0.031601925
1.984491756	-0.005304486	0.026148545	0.544806485	0.004113678	0.031157373
1.992251199	-0.005558282	0.028098094	0.554007587	0.00395234	0.030724697
1.999953519	-0.006028247	0.028492334	0.563194088	0.003767336	0.030307578
2.008459874	-0.005580325	0.028927729	0.572363095	0.003559207	0.029900206
2.017301375	-0.004324262	0.029165944	0.581527969	0.003326217	0.029517164
2.025499813	-0.005498936	0.029358446	0.590683548	0.003070343	0.029151677
2.034002041	-0.005398547	0.027532741	0.599834587	0.002799158	0.028815646
2.041967145	-0.004322601	0.025979631	0.608974827	0.002513036	0.028498581
2.048647581	-0.004984137	0.027147647	0.618120286	0.002215631	0.028218007
2.05893283	-0.003764974	0.028945933	0.627263995	0.001906744	0.027962989
2.065646392	-0.00479197	0.02999047	0.636413643	0.001594062	0.027744331
2.07611118	-0.004575499	0.031604456	0.645562242	0.001274754	0.02754995
2.08447225	-0.006145111	0.030738533	0.65471525	0.000956777	0.027387601
2.091775766	-0.004693138	0.029958817	0.663875751	0.000638002	0.027255659
2.100023315	-0.004857504	0.030325221	0.673039753	0.00032319	0.027151421
2.107980997	-0.00521091	0.030696122	0.682208689	1.49E-05	0.027075469
2.117250138	-0.005311818	0.029425718	0.691383901	-0.000288814	0.027025262
2.12520856	-0.004466716	0.028778979	0.700579732	-0.000581191	0.027010485
2.132543284	-0.004735253	0.030289653	0.709774017	-0.000869786	0.027012315
2.140797766	-0.004542713	0.031989761	0.718979036	-0.001144844	0.027040737
2.148714048	-0.005055499	0.032379212	0.728187807	-0.001416184	0.027086054
2.15845319	-0.004178105	0.032236911	0.737406443	-0.001671944	0.027155291
2.166170157	-0.005050182	0.032765555	0.746628701	-0.001921609	0.027239514
2.174043939	-0.004931548	0.033656271	0.755862107	-0.002156236	0.027345703
2.181511479	-0.0063088	0.032602598	0.765093695	-0.002383876	0.027462325
2.190949354	-0.004588924	0.030675714	0.774334049	-0.00259929	0.027596535
2.19898829	-0.003189116	0.030083265	0.783577973	-0.002806019	0.027743057
2.207733929	-0.004925225	0.029438734	0.792823823	-0.003002884	0.027900519
2.217019003	-0.004855476	0.030701404	0.802071808	-0.003190523	0.028068776
2.223481064	-0.00411919	0.032272893	0.811321868	-0.003368366	0.02824712
2.231825339	-0.002968193	0.032157137	0.820577318	-0.003535826	0.028436166
2.239513299	-0.003504639	0.032050485	0.829835134	-0.003693979	0.028633798
2.24893374	-0.004761404	0.032964222	0.839094837	-0.003841927	0.028839921
2.256464976	-0.005684938	0.033790317	0.848357495	-0.00398149	0.029053454
2.265454155	-0.003761019	0.031849242	0.85762209	-0.004109969	0.029274217
2.274177637	-0.003981393	0.029784391	0.866886968	-0.004232252	0.02949989
2.281956755	-0.004677328	0.030139131	0.876149999	-0.004346957	0.029730314
2.290845811	-0.004065293	0.030433476	0.885417087	-0.004451927	0.029966197
2.298831444	-0.004948261	0.029971635	0.894683311	-0.004550351	0.03020536
2.306427446	-0.003068059	0.029679869	0.903954338	-0.004639072	0.030451271
2.315754453	-0.004755308	0.029759788	0.913222978	-0.004720794	0.030698444
2.324929569	-0.00405239	0.030023226	0.922498674	-0.004792092	0.030951156
2.331689722	-0.004659711	0.030390973	0.9317724	-0.004857821	0.031205543
2.340847731	-0.00338217	0.030919773	0.941046087	-0.004916124	0.031461151
2.346693023	-0.005133919	0.031314585	0.950322642	-0.004966114	0.031719458
2.3567713	-0.00493016	0.031011986	0.959598792	-0.005010183	0.03197931
2.363717269	-0.005228112	0.029818932	0.968877952	-0.005045624	0.032240651
2.372213913	-0.003016076	0.028767934	0.978159634	-0.005073753	0.032503041
2.381558989	-0.005239086	0.030999244	0.98744393	-0.005095003	0.032765309
2.388108314	-0.004906889	0.031961314	0.996727757	-0.005108818	0.033028262
2.398524329	-0.005626638	0.030549997	1.006015979	-0.005115379	0.033291017
2.405440966	-0.003101703	0.029852244	1.01530617	-0.00511465	0.033552851
2.41412892	-0.00499479	0.029448984	1.024597267	-0.005106629	0.033814906
2.42220029	-0.004435642	0.029380513	1.033892513	-0.005090954	0.03407479
2.430034476	-0.002863691	0.030250055	1.043189532	-0.0050701	0.034333409
2.438316548	-0.004754539	0.030936515	1.05249101	-0.005039924	0.034590331
2.446435877	-0.003983366	0.029761062	1.061796794	-0.005002043	0.034843537
2.456658455	-0.003931673	0.029630984	1.071106886	-0.004956451	0.035095027
2.462734468	-0.003685085	0.030607994	1.080418976	-0.004905046	0.035343133
2.473178929	-0.003348613	0.031251924	1.08973468	-0.004846656	0.035588226
2.479479755	-0.003832674	0.029044941	1.09905761	-0.004778142	0.035828539
2.487729729	-0.003357702	0.027210154	1.108382119	-0.004705177	0.036065062
2.496574603	-0.003852171	0.030531573	1.117713164	-0.00462213	0.03629523
2.505934753	-0.004858304	0.033361395	1.127046021	-0.004533426	0.036522698
2.513380315	-0.004533117	0.034481074	1.136386195	-0.004434565	0.036741984
2.520354019	-0.004134044	0.03421564	1.145731626	-0.004330534	0.036956396
2.529263836	-0.004007876	0.032936183	1.155082354	-0.0042163	0.037162309
2.538710923	-0.004089038	0.031199258	1.164438319	-0.004095502	0.03736115
2.547712585	-0.004301616	0.028866913	1.173805611	-0.00396444	0.037549351
2.555244651	-0.002776577	0.028046959	1.183174761	-0.003826641	0.037730431
2.563722481	-0.004347879	0.028209638	1.192553999	-0.003679041	0.037899096
2.570695784	-0.004392867	0.028450045	1.201938322	-0.003524402	0.038058293
2.580823414	-0.00421758	0.028980261	1.211330487	-0.0033605	0.038205451
2.588543138	-0.003100374	0.028782076	1.220726993	-0.003192108	0.038342531
2.59620621	-0.004930798	0.027890865	1.230128364	-0.003012612	0.038466574
2.603899651	-0.004270741	0.027921771	1.239536573	-0.002828718	0.038577909
2.613527452	-0.004419177	0.029145154	1.24895815	-0.002633821	0.038669763
2.621464441	-0.004123242	0.030153689	1.258378691	-0.002434565	0.038751535
2.628602706	-0.004571081	0.030323609	1.267812513	-0.002224876	0.038811021
2.637694876	-0.005930773	0.030517358	1.277252656	-0.002010389	0.038854457
2.645219533	-0.003906128	0.030636922	1.286697567	-0.001785463	0.03887641
2.654130814	-0.003616748	0.03077852	1.296149588	-0.001557184	0.038880652
2.662193481	-0.004536021	0.029578598	1.305612005	-0.001321701	0.038858029
2.670915034	-0.004140031	0.02810499	1.315071943	-0.001082719	0.038820732
2.679434321	-0.003806419	0.029481694	1.324539799	-0.000838152	0.038756156
2.685765893	-0.004962179	0.029876006	1.334011417	-0.000591151	0.038668691
2.695118301	-0.004083943	0.030062671	1.343481499	-0.00034327	0.03856027
2.702482207	-0.00515886	0.030506603	1.352955742	-9.32E-05	0.038424883
2.712967513	-0.004511358	0.032682554	1.3624307	0.000152589	0.038266575
2.720445855	-0.004831514	0.033606301	1.371911348	0.00039907	0.038074837
2.729461006	-0.004951701	0.030862209	1.381380226	0.000640843	0.037867021
2.735949128	-0.003851927	0.030768296	1.390849363	0.00087678	0.037631425
2.745100944	-0.00322891	0.030855965	1.400314054	0.001104975	0.037371373
2.754143584	-0.003611219	0.030567344	1.409773037	0.00132436	0.037086161
2.762470993	-0.005405111	0.028707638	1.419226606	0.001529893	0.03677675
2.770681753	-0.005032817	0.027880763	1.428670724	0.00172409	0.036443491
2.777311507	-0.005310669	0.028752408	1.438101737	0.001903851	0.036091175
2.786614823	-0.004842328	0.029358871	1.447522911	0.00206444	0.035716343
2.795541645	-0.003843662	0.029212416	1.45692964	0.00220509	0.035327663
2.802976754	-0.004656363	0.02911711	1.466319596	0.002325416	0.034924553
2.812520656	-0.002093907	0.029180089	1.475695387	0.002422535	0.034506828
2.820211606	-0.004899223	0.029180989	1.485053595	0.002495504	0.034077662
2.828517359	-0.004463243	0.029123345	1.494393662	0.002544021	0.033640424
2.83796398	-0.00414308	0.029641871	1.503725036	0.002556793	0.033183864
2.844624814	-0.003774199	0.030459179	1.513030067	0.002548924	0.032734658
2.851714712	-0.005004776	0.030764775	1.522316464	0.002513205	0.032281344
2.862631384	-0.004425827	0.027461681	1.531587794	0.002447138	0.031830306
2.869404766	-0.005519691	0.028140635	1.540842526	0.002351569	0.031381176
2.876580938	-0.005033728	0.029744973	1.550082435	0.002227543	0.030939759
2.885901499	-0.004323047	0.031371327	1.559307831	0.00207579	0.030507308
2.894255946	-0.004602864	0.032199301	1.56851946	0.001898818	0.030087403
2.902784146	-0.004096744	0.03174723	1.5777218	0.001696846	0.029685729
2.909767187	-0.004543446	0.031194087	1.586914465	0.001473133	0.029302844
2.919210649	-0.00516059	0.03016	1.596103954	0.001230522	0.028947897
2.927392986	-0.004574874	0.028952904	1.605285136	0.000972164	0.028613946
2.936763561	-0.003482075	0.028907798	1.614468942	0.000699579	0.028311831
2.943643501	-0.004331536	0.029470856	1.623648115	0.000415712	0.028033159
2.952275026	-0.003588882	0.029969458	1.632834719	0.000127294	0.027791078
2.963533912	-0.003473865	0.030532883	1.642014917	-0.000168377	0.027568991
2.967709545	-0.003430605	0.030803058	1.651205343	-0.000462562	0.027384059
2.976513835	-0.002184647	0.031426603	1.66039799	-0.000759609	0.02722407
2.986437779	-0.003135543	0.031005493	1.669603917	-0.001051077	0.027099605
2.992637627	-0.005329053	0.029675468	1.678814096	-0.001340332	0.026999206
3.002361993	-0.004331244	0.028661964	1.688038224	-0.001621272	0.026930575
3.010616653	-0.004659523	0.029250823	1.697261471	-0.001898923	0.026879151
3.017130543	-0.004517196	0.029715501	1.706497492	-0.002164475	0.02685619
3.025876821	-0.004074238	0.028986626	1.715742799	-0.002421691	0.02685546
3.035782593	-0.001775847	0.028727816	1.72499902	-0.002666827	0.026877832
3.044244055	-0.003893638	0.02906699	1.73425922	-0.002903384	0.026916226
3.050922889	-0.003392465	0.029438703	1.743528428	-0.003126306	0.026974221
3.060070824	-0.004263493	0.029981804	1.752800836	-0.003341053	0.027044989
3.067761097	-0.003588802	0.030017501	1.762081098	-0.003542399	0.027131894
3.077313596	-0.00363982	0.029391733	1.771369213	-0.003733512	0.027232274
3.083865504	-0.00370043	0.030231097	1.780667315	-0.003911307	0.027347105
3.093050726	-0.002981631	0.032111269	1.789967684	-0.004079702	0.027470339
3.100954275	-0.001548215	0.032095439	1.799278776	-0.004233991	0.027606455
3.109171853	-0.003734031	0.029932949	1.808592693	-0.00437888	0.027749296
3.118472786	-0.002689396	0.027952887	1.817914356	-0.004511305	0.027901135
3.126159551	-0.004023747	0.029391191	1.827237652	-0.004633736	0.028057833
3.134767911	-0.004002549	0.029043137	1.836566581	-0.004744446	0.028220759
3.143151761	-0.005751988	0.028103038	1.845899912	-0.00484573	0.028387794
3.150252799	-0.004073474	0.027493649	1.855237178	-0.004935379	0.028558903
3.15898885	-0.003000814	0.027953242	1.864577182	-0.005017222	0.02873156
3.168288599	-0.003749447	0.027200854	1.873922782	-0.005086525	0.028907754
3.174866829	-0.004185331	0.026392123	1.883271012	-0.00514878	0.029084003
3.183933518	-0.00464965	0.026702762	1.892619869	-0.005202269	0.029259708
3.192230458	-0.004394828	0.027716382	1.901974036	-0.005246744	0.029435895
3.200193114	-0.00302974	0.028566732	1.91132851	-0.005283212	0.029610204
3.209064525	-0.004315584	0.029513563	1.920686796	-0.005311175	0.029783433
3.218029624	-0.004128483	0.029519419	1.930048388	-0.005332521	0.029954441
3.225621171	-0.00551718	0.029371414	1.939413141	-0.005345747	0.030123287
3.233843507	-0.005477146	0.029712819	1.948779325	-0.005353063	0.030288507
3.243121061	-0.004140278	0.030409841	1.958148723	-0.005352736	0.030450867
3.250627733	-0.004458317	0.029992558	1.967518254	-0.005347643	0.030608514
3.259413574	-0.003258781	0.027998022	1.976890163	-0.005337264	0.030762063
3.268961108	-0.005190868	0.027810951	1.98626253	-0.005321383	0.030910961
3.276939429	-0.002603758	0.028893373	1.995636299	-0.005301397	0.031055033
3.283865138	-0.004222818	0.028350781	2.005012458	-0.005276147	0.031194797
3.29225425	-0.004488853	0.027252481	2.01438759	-0.005248331	0.031328664
3.30152861	-0.003858332	0.02768414	2.023764615	-0.005216275	0.031457907
3.309151169	-0.002540748	0.028746774	2.0331409	-0.005182293	0.031581337
3.317529624	-0.002068245	0.027923565	2.042517271	-0.005145475	0.031699474
3.326511245	-0.002914226	0.02731522	2.051893185	-0.005107187	0.031812015
3.333533829	-0.002709397	0.027625072	2.061268613	-0.005067367	0.031919101
3.341685859	-0.002848622	0.027984757	2.070643656	-0.005026412	0.032020835
3.350171583	-0.003190403	0.027593423	2.08001631	-0.004984667	0.032116896
3.358191557	-0.003395977	0.027172112	2.089389595	-0.004941899	0.032208203
3.367014428	-0.002906889	0.026816367	2.098760444	-0.004899319	0.032294036
3.375019615	-0.00242272	0.026558291	2.10813123	-0.004855885	0.032375359
3.383859422	-0.003957089	0.027373305	2.11749952	-0.004813081	0.03245158
3.39231927	-0.003734939	0.028246281	2.126867328	-0.004769868	0.032523574
3.400775759	-0.003632146	0.028552446	2.136233696	-0.004727513	0.032591135
3.410249493	-0.003510754	0.028552557	2.145597639	-0.004686193	0.032654255
3.417755679	-0.003170522	0.027498363	2.154960198	-0.00464536	0.032713521
3.424593604	-0.005005641	0.026538021	2.164320906	-0.004605738	0.032768906
3.434229137	-0.002434351	0.027851699	2.173680206	-0.004566802	0.032820843
3.442704732	-0.004583661	0.029396011	2.183037547	-0.00452916	0.032869307
3.4500049	-0.00369003	0.029731931	2.192393084	-0.004492267	0.032914662
3.458246572	-0.004943638	0.030111174	2.201747067	-0.004456748	0.032957016
3.46745374	-0.005375398	0.030202479	2.211099132	-0.004421936	0.032996622
3.473944228	-0.003767099	0.03006513	2.220449735	-0.004388712	0.033033573
3.482416764	-0.005211168	0.029762815	2.229798894	-0.004356073	0.03306822
3.490593368	-0.005067327	0.029442603	2.239146266	-0.004324992	0.033100474
3.499041435	-0.003229392	0.030165854	2.248492336	-0.004294524	0.033130737
3.509781408	-0.005335996	0.031879261	2.257836784	-0.004265541	0.033158933
3.516621073	-0.00458232	0.030413129	2.267180104	-0.004237283	0.033185392
3.522837624	-0.003396317	0.028495025	2.276521915	-0.004210288	0.03321008
3.533919905	-0.003018731	0.02792304	2.285862365	-0.004184321	0.033233161
3.541375938	-0.003392074	0.02918012	2.295201485	-0.004159284	0.03325476
3.548214988	-0.003146395	0.029574533	2.304539394	-0.004135252	0.033274968
3.556306191	-0.004070845	0.028866521	2.313876077	-0.004112169	0.033293883
3.566302116	-0.003342413	0.027861243	2.323211839	-0.004089921	0.033311636
3.573474154	-0.004543891	0.027128281	2.33254638	-0.004068577	0.033328252
3.582795848	-0.003237774	0.026692021	2.341879921	-0.004047947	0.033343846
3.590403375	-0.002415781	0.026841264	2.351212558	-0.004028208	0.03335848
3.598169701	-0.003349369	0.027648315	2.36054372	-0.00400938	0.033372106
3.606901558	-0.003409935	0.028559343	2.36987446	-0.003991202	0.033384984
3.614975747	-0.003664036	0.028167959	2.379203946	-0.003973936	0.033396991
3.623699105	-0.004267563	0.027745107	2.388532824	-0.003957164	0.033408331
3.633592227	-0.005437109	0.026430588	2.397860636	-0.003941235	0.033418922
3.640344125	-0.004860658	0.02512501	2.407187986	-0.003925772	0.033428946
3.648648082	-0.00271576	0.026297793	2.416514235	-0.003911083	0.033438302
3.657211718	-0.004491099	0.027576033	2.425839942	-0.003896905	0.033447134
3.666046651	-0.003245505	0.027533842	2.435165013	-0.003883304	0.033455451
3.675354393	-0.003644807	0.027094109	2.444489391	-0.003870279	0.03346327
3.682280191	-0.002831921	0.027006839	2.453813115	-0.003857745	0.033470635
3.689300916	-0.005126143	0.026971735	2.463136167	-0.003845815	0.03347755
3.697388513	-0.003919489	0.026403241	2.472458731	-0.003834263	0.03348409
3.70620876	-0.003996845	0.025180824	2.481780664	-0.003823265	0.033490234
3.715854118	-0.004065383	0.026607678	2.491102207	-0.003812581	0.033496062
3.723351724	-0.003487788	0.028286715	2.500423185	-0.003802427	0.033501539
3.733601536	-0.003907794	0.027796735	2.509743846	-0.003792535	0.033506747
3.740728526	-0.00384424	0.026944934	2.51906398	-0.003783134	0.033511645
3.749097996	-0.001897772	0.026629494	2.528383723	-0.003773965	0.033516295
3.757812726	-0.003382795	0.026622764	2.537703029	-0.003765279	0.033520672
3.765451682	-0.005038327	0.026049192	2.547021928	-0.003756801	0.033524827
3.773721794	-0.0033309	0.025275971	2.556340443	-0.003748812	0.033528737
3.78185424	-0.003376412	0.026302133	2.565658544	-0.003741068	0.033532439
3.789802718	-0.003730918	0.027854443	2.5749763	-0.003733686	0.033535937
3.796631323	-0.00389724	0.028040092	2.584293734	-0.003726521	0.033539258
3.80613638	-0.006227136	0.026850907	2.593610842	-0.003719696	0.033542396
3.81501736	-0.004748012	0.025702534	2.602927597	-0.003713115	0.033545367
3.823459082	-0.005174555	0.024583759	2.61224407	-0.003706827	0.033548179
3.83172592	-0.003617638	0.027000245	2.621560279	-0.003700728	0.033550853
3.839786965	-0.004175373	0.030090284	2.630876179	-0.00369491	0.033553379
3.848663012	-0.003751975	0.030726768	2.640191797	-0.003689304	0.033555774
3.85767239	-0.004013855	0.030409947	2.649507288	-0.003683891	0.033558063
3.865468358	-0.003863373	0.029396684	2.658822418	-0.003678735	0.033560216
3.874862179	-0.006374524	0.028011647	2.66813742	-0.003673721	0.033562278
3.881885922	-0.004664663	0.026801866	2.677452083	-0.003668975	0.033564215
3.889985504	-0.004247444	0.02540678	2.686766669	-0.003664301	0.033566081
3.898258557	-0.003474811	0.025410543	2.696080982	-0.003659886	0.033567838
3.906051841	-0.003026174	0.025918598	2.705395156	-0.003655553	0.033569524
3.915332053	-0.002720732	0.025917682	2.714709109	-0.003651452	0.033571115
3.924748156	-0.004611898	0.025921462	2.72402292	-0.003647432	0.033572641
3.932453204	-0.004678748	0.028162272	2.733336543	-0.003643612	0.033574085
3.939731856	-0.003075558	0.030279075	2.742650017	-0.003639881	0.033575466
3.947301397	-0.003949853	0.030178627	2.751963316	-0.003636329	0.033576776
3.956061694	-0.002640462	0.02818481	2.761276539	-0.003632843	0.033578037
3.965357904	-0.004363402	#VALUE!	2.770589548	-0.003629547	0.033579226
3.973614532	-0.004028142	#VALUE!	2.77990249	-0.003626307	0.033580372
3.981644009	-0.003028112	#VALUE!	2.789215176	-0.003623265	0.033581445
3.989428472	-0.004280014	#VALUE!	2.798527839	-0.003620273	0.033582484
3.99738192	-0.004253884	#VALUE!	2.807840329	-0.003617439	0.033583465
			2.817152745	-0.003614654	0.03358441
			2.82646499	-0.003612014	0.033585303
			2.835777207	-0.003609406	0.033586168
			2.845089238	-0.003606938	0.033586982
			2.854401203	-0.003604542	0.033587764
			2.863713048	-0.003602259	0.033588507
			2.873024805	-0.003600053	0.033589216
			2.882336495	-0.003597916	0.033589898
			2.891648077	-0.003595859	0.033590546
			2.900959597	-0.003593862	0.03359117
			2.910271043	-0.003591931	0.033591766
			2.919582432	-0.003590053	0.03359234
			2.928893729	-0.003588249	0.033592887
			2.938204963	-0.003586489	0.033593413
			2.947516128	-0.0035848	0.033593915
			2.956827239	-0.003583153	0.033594398
			2.966138292	-0.003581567	0.033594861
			2.975449271	-0.003580025	0.033595304
			2.984760217	-0.003578534	0.03359573
			2.994071092	-0.003577091	0.033596139
			3.003381933	-0.003575691	0.033596532
			3.012692705	-0.003574346	0.033596907
			3.02200344	-0.003573043	0.033597268
			3.031314116	-0.003571779	0.033597614
			3.040624735	-0.003570567	0.033597944
			3.049935337	-0.003569377	0.033598265
			3.059245863	-0.003568239	0.033598569
			3.068556365	-0.003567133	0.033598863
			3.077866829	-0.003566064	0.033599146
			3.087177252	-0.003565032	0.033599416
			3.096487646	-0.003564024	0.033599678
			3.105798004	-0.003563053	0.033599929
			3.115108321	-0.003562114	0.03360017
			3.124418611	-0.003561198	0.033600402
			3.133728861	-0.003560315	0.033600625
			3.143039088	-0.00355945	0.033600841
			3.15234928	-0.003558618	0.033601047
			3.161659455	-0.0035578	0.033601248
			3.170969596	-0.003557016	0.03360144
			3.180279717	-0.003556246	0.033601626
			3.189589813	-0.003555504	0.033601805
			3.198899876	-0.003554782	0.033601977
			3.208209923	-0.003554077	0.033602143
			3.21751994	-0.003553396	0.033602303
			3.226829949	-0.003552732	0.033602458
			3.236139922	-0.00355209	0.033602607
			3.245449884	-0.003551462	0.033602751
			3.254759813	-0.003550857	0.033602889
			3.264069738	-0.003550264	0.033603024
			3.273379631	-0.003549695	0.033603153
			3.282689512	-0.00354914	0.033603277
			3.291999374	-0.003548599	0.033603397
			3.301309224	-0.003548072	0.033603514
			3.310619054	-0.003547558	0.033603626
			3.319928865	-0.003547066	0.033603734
			3.329238666	-0.003546579	0.03360384
			3.338548441	-0.003546117	0.03360394
			3.347858215	-0.003545656	0.033604038
			3.35716796	-0.003545218	0.033604132
			3.366477701	-0.003544787	0.033604223
			3.375787427	-0.003544371	0.033604311
			3.385097141	-0.003543964	0.033604397
			3.394406848	-0.003543568	0.033604479
			3.403716538	-0.003543182	0.033604559
			3.41302622	-0.003542806	0.033604637
			3.422335885	-0.003542443	0.033604711
			3.431645543	-0.003542086	0.033604784
			3.440955191	-0.003541741	0.033604854
			3.450264827	-0.003541402	0.033604922
			3.459574447	-0.003541076	0.033604987
			3.468884064	-0.003540753	0.033605051
			3.478193665	-0.003540444	0.033605112
			3.487503265	-0.003540137	0.033605172
			3.496812846	-0.003539843	0.033605229
			3.506122428	-0.003539551	0.033605285
			3.515431997	-0.00353927	0.033605339
			3.524741555	-0.003539	0.033605391
			3.534051106	-0.003538736	0.033605442
			3.543360649	-0.003538478	0.033605491
			3.552670184	-0.003538227	0.033605538
			3.561979717	-0.00353798	0.033605584
			3.571289236	-0.003537741	0.033605629
			3.580598757	-0.003537506	0.033605673
			3.589908267	-0.003537277	0.033605715
			3.599217774	-0.003537051	0.033605756
			3.608527272	-0.003536834	0.033605796
			3.61783677	-0.003536616	0.033605835
			3.627146255	-0.003536409	0.033605872
			3.63645574	-0.003536205	0.033605909
			3.645765215	-0.003536007	0.033605944
			3.65507469	-0.003535812	0.033605979
			3.664384155	-0.003535624	0.033606012
			3.673693621	-0.003535437	0.033606045
			3.683003074	-0.003535257	0.033606076
			3.692312531	-0.003535078	0.033606108
			3.701621976	-0.003534905	0.033606137
			3.710931421	-0.003534737	0.033606166
			3.720240858	-0.003534572	0.033606194
			3.729550294	-0.003534411	0.033606222
			3.738859728	-0.003534252	0.033606249
			3.748169152	-0.003534102	0.033606274
			3.757478578	-0.003533949	0.0336063
			3.766787993	-0.003533806	0.033606324
			3.776097409	-0.003533661	0.033606348
			3.785406817	-0.003533523	0.033606371
			3.794716225	-0.003533385	0.033606394
			3.804025629	-0.003533252	0.033606416
			3.813335031	-0.003533119	0.033606437
			3.82264443	-0.003532992	0.033606458
			3.831953824	-0.003532865	0.033606478
			3.841263216	-0.003532742	0.033606498
			3.850572602	-0.003532624	0.033606517
			3.859881988	-0.003532507	0.033606535
			3.869191369	-0.003532393	0.033606554
			3.878500748	-0.003532281	0.033606571
			3.887810124	-0.003532173	0.033606588
			3.897119499	-0.003532064	0.033606605
			3.906428868	-0.003531961	0.033606621
			3.91573824	-0.003531856	0.033606637
			3.925047603	-0.003531758	0.033606653
			3.93435697	-0.003531657	0.033606668
			3.943666331	-0.003531563	0.033606683
			3.952975693	-0.003531466	0.033606697
			3.962285048	-0.003531376	0.033606711
			3.971594406	-0.003531283	0.033606725
			3.980903756	-0.003531198	0.033606738
			3.990213109	-0.003531109	0.033606751
			3.999522455	-0.003531026	0.033606763
			4.008831804	-0.003530942	0.033606776
			4.018141147	-0.003530862	0.033606788
			4.027450493	-0.003530781	0.0336068
			4.036759833	-0.003530704	0.033606811
			4.046069173	-0.003530627	0.033606822
			4.05537851	-0.003530553	0.033606833
			4.064687847	-0.003530479	0.033606844
			4.073997183	-0.003530406	0.033606854
			4.083306515	-0.003530336	0.033606864
			4.092615846	-0.003530266	0.033606874
			4.101925177	-0.003530198	0.033606884
			4.111234504	-0.003530132	0.033606893
			4.120543832	-0.003530067	0.033606902
			4.129853158	-0.003530003	0.033606911
			4.13916248	-0.003529941	0.03360692
			4.148471803	-0.003529879	0.033606929
			4.157781124	-0.00352982	0.033606937
			4.167090445	-0.003529761	0.033606945
			4.176399761	-0.003529705	0.033606953
			4.185709078	-0.003529648	0.033606961
			4.195018391	-0.003529595	0.033606968
			4.204327707	-0.00352954	0.033606975
			4.213637018	-0.003529489	0.033606982
			4.222946331	-0.003529436	0.03360699
			4.23225564	-0.003529386	0.033606996
			4.241564952	-0.003529335	0.033607003
			4.250874261	-0.003529286	0.03360701
			4.260183569	-0.003529238	0.033607016
			4.269492876	-0.003529191	0.033607022
			4.278802182	-0.003529145	0.033607029
			4.288111487	-0.003529099	0.033607035
			4.297420791	-0.003529055	0.03360704
			4.306730093	-0.003529011	0.033607046
			4.316039396	-0.003528968	0.033607052
			4.325348697	-0.003528926	0.033607057
			4.334657998	-0.003528884	0.033607063
			4.343967297	-0.003528844	0.033607068
			4.353276596	-0.003528803	0.033607073
			4.362585894	-0.003528764	0.033607078
			4.371895192	-0.003528725	0.033607083
			4.38120449	-0.003528686	0.033607088
			4.390513785	-0.003528649	0.033607093
			4.399823081	-0.003528611	0.033607097
			4.409132375	-0.003528577	0.033607102
			4.418441669	-0.00352854	0.033607106
			4.427750962	-0.003528506	0.033607111
			4.437060255	-0.003528471	0.033607115
			4.446369546	-0.003528438	0.033607119
			4.455678838	-0.003528404	0.033607123
			4.464988129	-0.003528372	0.033607127
			4.474297419	-0.00352834	0.033607131
			4.483606709	-0.003528309	0.033607135
			4.492915997	-0.003528278	0.033607139
			4.502225285	-0.003528248	0.033607142
			4.511534572	-0.003528219	0.033607146
			4.520843858	-0.00352819	0.033607149
			4.530153144	-0.003528162	0.033607153
			4.539462429	-0.003528134	0.033607156
			4.548771714	-0.003528106	0.033607159
			4.558080998	-0.003528079	0.033607163
			4.567390282	-0.003528053	0.033607166
			4.576699565	-0.003528027	0.033607169
			4.586008847	-0.003528001	0.033607172
			4.59531813	-0.003527976	0.033607175
			4.604627412	-0.003527951	0.033607178
			4.613936693	-0.003527927	0.033607181
			4.623245974	-0.003527902	0.033607183
			4.632555255	-0.003527879	0.033607186
			4.641864534	-0.003527856	0.033607189
			4.651173814	-0.003527832	0.033607192
			4.660483093	-0.00352781	0.033607194
			4.669792372	-0.003527788	0.033607197
			4.679101651	-0.003527767	0.033607199
			4.688410929	-0.003527745	0.033607202
			4.697720206	-0.003527724	0.033607204
			4.707029483	-0.003527704	0.033607206
			4.71633876	-0.003527683	0.033607209
			4.725648036	-0.003527663	0.033607211
			4.734957312	-0.003527643	0.033607213
			4.744266587	-0.003527624	0.033607215
			4.753575863	-0.003527605	0.033607217
			4.762885138	-0.003527586	0.033607219
			4.772194413	-0.003527568	0.033607221
			4.781503687	-0.003527549	0.033607223
			4.790812961	-0.003527531	0.033607225
			4.800122235	-0.003527513	0.033607227
			4.809431509	-0.003527496	0.033607229
			4.818740782	-0.003527478	0.033607231
			4.828050055	-0.003527462	0.033607233
			4.837359327	-0.003527445	0.033607235
			4.846668599	-0.003527429	0.033607237
			4.85597787	-0.003527413	0.033607238
			4.865287142	-0.003527397	0.03360724
			4.874596413	-0.003527382	0.033607242
			4.883905684	-0.003527367	0.033607243
			4.893214955	-0.003527352	0.033607245
			4.902524225	-0.003527337	0.033607246
			4.911833495	-0.003527323	0.033607248
			4.921142765	-0.003527308	0.033607249
			4.930452034	-0.003527294	0.033607251
			4.939761304	-0.00352728	0.033607252
			4.949070573	-0.003527267	0.033607254
			4.958379842	-0.003527253	0.033607255
			4.967689111	-0.00352724	0.033607257
			4.97699838	-0.003527226	0.033607258
			4.986307648	-0.003527213	0.033607259
			4.995616916	-0.003527201	0.033607261
			5.004926184	-0.003527188	0.033607262
			5.014235451	-0.003527176	0.033607263
			5.023544719	-0.003527163	0.033607264
			5.032853986	-0.003527152	0.033607266
			5.042163254	-0.00352714	0.033607267
			5.05147252	-0.003527128	0.033607268
			5.060781787	-0.003527116	0.033607269
			5.070091054	-0.003527105	0.03360727
			5.07940032	-0.003527094	0.033607271
			5.088709587	-0.003527083	0.033607272
			5.098018853	-0.003527072	0.033607273
			5.107328119	-0.003527062	0.033607275
			5.116637385	-0.003527051	0.033607276
			5.12594665	-0.003527041	0.033607277
			5.135255916	-0.00352703	0.033607278
			5.144565181	-0.00352702	0.033607279
			5.153874446	-0.00352701	0.03360728
			5.163183711	-0.003527001	0.033607281
			5.172492976	-0.003526991	0.033607282
			5.18180224	-0.003526981	0.033607282
			5.191111505	-0.003526972	0.033607283
			5.200420769	-0.003526963	0.033607284
			5.209730033	-0.003526954	0.033607285
			5.219039297	-0.003526945	0.033607286
			5.228348561	-0.003526936	0.033607287
			5.237657824	-0.003526928	0.033607288
			5.246967088	-0.003526919	0.033607288
			5.256276351	-0.003526911	0.033607289
			5.265585614	-0.003526902	0.03360729
			5.274894877	-0.003526894	0.033607291
			5.28420414	-0.003526886	0.033607292
			5.293513403	-0.003526878	0.033607292