exp: x/lambda	exp: y/lambda	exp: z/lambda	theory: x/lambda	theory: y/lambda	theory: z/lambda
-1.999557671	-0.001389313	0.029040711	-4	0	0.033333333
-1.992838592	-0.000414028	0.027451841	-3.990706661	-5.68E-09	0.033333334
-1.984617148	-0.002011081	0.027659019	-3.981413322	-1.14E-08	0.033333334
-1.976814553	-0.000263669	0.029584147	-3.972119983	-1.72E-08	0.033333335
-1.9683905	-0.001849454	0.032157943	-3.962826644	-2.31E-08	0.033333335
-1.96128092	-0.001173122	0.033144518	-3.953533305	-2.91E-08	0.033333336
-1.951493199	-0.000424758	0.03215204	-3.944239966	-3.51E-08	0.033333336
-1.943101536	-0.000740663	0.031098104	-3.934946628	-4.12E-08	0.033333337
-1.932865607	-0.001255256	0.031683545	-3.925653289	-4.74E-08	0.033333337
-1.927932121	0.000202784	0.033171587	-3.91635995	-5.36E-08	0.033333338
-1.916979109	0.00096646	0.034398502	-3.907066612	-5.99E-08	0.033333338
-1.909754538	-0.000187522	0.031656487	-3.897773274	-6.63E-08	0.033333339
-1.900100353	0.001753104	0.028471756	-3.888479935	-7.28E-08	0.033333339
-1.890601482	-0.000993129	0.03025556	-3.879186597	-7.94E-08	0.03333334
-1.884125408	-0.002150018	0.032532273	-3.869893259	-8.60E-08	0.03333334
-1.877161315	0.000491147	0.033480938	-3.860599921	-9.27E-08	0.033333341
-1.868162873	-0.001057136	0.032699919	-3.851306583	-9.95E-08	0.033333341
-1.858752546	-0.000149772	0.031969705	-3.842013246	-1.06E-07	0.033333342
-1.849860351	-0.000475673	0.031919265	-3.832719908	-1.13E-07	0.033333342
-1.842838889	-0.000823972	0.031508013	-3.82342657	-1.20E-07	0.033333343
-1.833910597	-0.001382833	0.030825872	-3.814133233	-1.28E-07	0.033333344
-1.826367959	2.72209E-05	0.033118475	-3.804839895	-1.35E-07	0.033333344
-1.817134439	-0.000782446	0.036414644	-3.795546558	-1.42E-07	0.033333345
-1.809049108	-0.001972306	0.034588901	-3.786253221	-1.49E-07	0.033333345
-1.801315844	1.00E-05	0.032039477	-3.776959884	-1.57E-07	0.033333346
-1.792035704	7.60985E-05	0.034589576	-3.767666547	-1.65E-07	0.033333347
-1.785706451	-0.001516183	0.037944395	-3.75837321	-1.72E-07	0.033333347
-1.776366734	0.000516979	0.037641985	-3.749079873	-1.80E-07	0.033333348
-1.766767262	-0.000837344	0.033886069	-3.739786536	-1.88E-07	0.033333349
-1.758323761	0.000647363	0.032459635	-3.7304932	-1.96E-07	0.033333349
-1.751339316	-0.000728367	0.032748631	-3.721199863	-2.04E-07	0.03333335
-1.742025165	-0.001102662	0.032815259	-3.711906527	-2.12E-07	0.033333351
-1.733585192	0.000486435	0.031537779	-3.702613191	-2.20E-07	0.033333351
-1.724177894	-6.13204E-05	0.029007429	-3.693319855	-2.29E-07	0.033333352
-1.716661349	-0.00019631	0.028395958	-3.684026519	-2.37E-07	0.033333353
-1.707863993	0.0020376	0.031259267	-3.674733183	-2.46E-07	0.033333353
-1.69970959	0.001093503	0.034489196	-3.665439847	-2.55E-07	0.033333354
-1.693344501	0.000217058	0.034920197	-3.656146511	-2.63E-07	0.033333355
-1.681765852	-0.000278526	0.032300907	-3.646853176	-2.72E-07	0.033333356
-1.673943492	-0.000342773	0.031579717	-3.637559841	-2.81E-07	0.033333356
-1.666912117	-0.000153541	0.031505412	-3.628266505	-2.91E-07	0.033333357
-1.657626225	0.000148368	0.029994493	-3.61897317	-3.00E-07	0.033333358
-1.649832247	-0.000796475	0.028840762	-3.609679835	-3.09E-07	0.033333359
-1.640960983	0.001345896	0.029607615	-3.600386501	-3.19E-07	0.03333336
-1.633138868	-0.000154845	0.032166056	-3.591093166	-3.28E-07	0.03333336
-1.624448967	-0.000606267	0.035359528	-3.581799831	-3.38E-07	0.033333361
-1.615495041	0.001063846	0.036459046	-3.572506497	-3.48E-07	0.033333362
-1.606347284	-0.000296847	0.033964128	-3.563213163	-3.58E-07	0.033333363
-1.598030409	0.000246179	0.032164628	-3.553919829	-3.68E-07	0.033333364
-1.591240876	0.000914299	0.033226795	-3.544626495	-3.79E-07	0.033333365
-1.582636057	0.000582415	0.033475192	-3.535333161	-3.89E-07	0.033333366
-1.573168791	-0.000224727	0.028069161	-3.526039827	-4.00E-07	0.033333367
-1.567137928	-0.001662647	0.026110148	-3.516746494	-4.10E-07	0.033333368
-1.557414457	-0.000620526	0.034339266	-3.50745316	-4.21E-07	0.033333369
-1.547120502	-0.000584371	0.040881904	-3.498159827	-4.32E-07	0.033333369
-1.539973124	-0.000369921	0.036050642	-3.488866494	-4.43E-07	0.03333337
-1.530594822	-0.000387411	0.028414508	-3.479573161	-4.55E-07	0.033333371
-1.522968319	-0.000115004	0.028126728	-3.470279829	-4.66E-07	0.033333372
-1.515139953	0.0004429	0.030692939	-3.460986496	-4.78E-07	0.033333374
-1.506949499	0.000337388	0.030714757	-3.451693164	-4.89E-07	0.033333375
-1.498060811	0.000523709	0.029611823	-3.442399832	-5.01E-07	0.033333376
-1.488943119	-0.001550359	0.030514569	-3.4331065	-5.13E-07	0.033333377
-1.479856581	-0.000841633	0.03145241	-3.423813168	-5.25E-07	0.033333378
-1.472988467	0.000356441	0.031147387	-3.414519836	-5.38E-07	0.033333379
-1.463765791	-0.001167199	0.030833911	-3.405226505	-5.50E-07	0.03333338
-1.456989473	-3.23615E-05	0.031248011	-3.395933174	-5.63E-07	0.033333381
-1.446736249	-6.9827E-05	0.032422547	-3.386639843	-5.76E-07	0.033333382
-1.438722002	0.000745441	0.033469859	-3.377346512	-5.89E-07	0.033333384
-1.43045936	0.00292784	0.034626296	-3.368053181	-6.02E-07	0.033333385
-1.420489719	0.001406322	0.035120628	-3.358759851	-6.16E-07	0.033333386
-1.412545738	0.000183932	0.033266657	-3.349466521	-6.29E-07	0.033333387
-1.404742455	0.001596607	0.031137264	-3.340173191	-6.43E-07	0.033333389
-1.398928674	-2.8545E-05	0.030800172	-3.330879861	-6.57E-07	0.03333339
-1.388626483	0.001296562	0.029737609	-3.321586532	-6.71E-07	0.033333391
-1.380195611	-0.000756565	0.026928531	-3.312293202	-6.86E-07	0.033333393
-1.373626612	-0.000492433	0.02519622	-3.302999873	-7.00E-07	0.033333394
-1.363770094	0.001368327	0.026507406	-3.293706544	-7.15E-07	0.033333395
-1.35595077	0.000708219	0.030758875	-3.284413216	-7.30E-07	0.033333397
-1.349500851	0.00062129	0.03362123	-3.275119887	-7.45E-07	0.033333398
-1.336150064	0.000848452	0.034816828	-3.265826559	-7.61E-07	0.0333334
-1.33105348	-0.000362153	0.033691128	-3.256533231	-7.77E-07	0.033333401
-1.321301759	4.61657E-05	0.029867899	-3.247239904	-7.92E-07	0.033333403
-1.312226171	-0.0001545	0.028927233	-3.237946576	-8.09E-07	0.033333404
-1.304749779	0.001819431	0.030410781	-3.228653249	-8.25E-07	0.033333406
-1.298138877	7.1932E-05	0.030794361	-3.219359922	-8.41E-07	0.033333407
-1.287859926	-0.000763324	0.029378106	-3.210066596	-8.58E-07	0.033333409
-1.279635582	-7.83395E-05	0.02862669	-3.200773269	-8.75E-07	0.03333341
-1.272798457	-0.000529339	0.028538178	-3.191479943	-8.93E-07	0.033333412
-1.264236083	0.001255407	0.028461686	-3.182186618	-9.10E-07	0.033333414
-1.253178796	-0.000850777	0.028145082	-3.172893292	-9.28E-07	0.033333416
-1.246279424	-0.001301915	0.028196579	-3.163599967	-9.46E-07	0.033333417
-1.239451988	0.000503933	0.028568331	-3.154306642	-9.64E-07	0.033333419
-1.228428131	-0.001002205	0.02971417	-3.145013317	-9.83E-07	0.033333421
-1.220026919	-0.001346783	0.030690133	-3.135719993	-1.00E-06	0.033333423
-1.212960423	0.000417643	0.031239226	-3.126426669	-1.02E-06	0.033333425
-1.204449548	-4.20155E-05	0.031377298	-3.117133345	-1.04E-06	0.033333427
-1.195633945	0.002571215	0.030884771	-3.107840022	-1.06E-06	0.033333428
-1.186648138	0.000679948	0.030480369	-3.098546699	-1.08E-06	0.03333343
-1.180031031	-0.000321655	0.031078323	-3.089253376	-1.10E-06	0.033333432
-1.170132688	-0.000505183	0.032152117	-3.079960054	-1.12E-06	0.033333434
-1.161761584	-0.000785902	0.029256038	-3.070666732	-1.14E-06	0.033333437
-1.152395167	0.001009563	0.023634077	-3.06137341	-1.16E-06	0.033333439
-1.145402298	2.78797E-05	0.025871409	-3.052080089	-1.18E-06	0.033333441
-1.135716101	-0.000929626	0.035693568	-3.042786768	-1.21E-06	0.033333443
-1.129180262	0.001327525	0.036810349	-3.033493448	-1.23E-06	0.033333445
-1.120108212	0.000818381	0.033376079	-3.024200127	-1.25E-06	0.033333448
-1.110117983	0.00149388	0.029390899	-3.014906808	-1.27E-06	0.03333345
-1.103905058	0.00141849	0.028739211	-3.005613488	-1.30E-06	0.033333452
-1.094891821	-0.000184685	0.030435294	-2.996320169	-1.32E-06	0.033333455
-1.086031219	0.001030762	0.03309534	-2.98702685	-1.34E-06	0.033333457
-1.078668945	0.001731661	0.033915709	-2.977733532	-1.37E-06	0.03333346
-1.068838644	-0.00060507	0.033007367	-2.968440214	-1.39E-06	0.033333462
-1.060781722	0.000186695	0.031179488	-2.959146897	-1.42E-06	0.033333465
-1.051409728	0.000843557	0.029998103	-2.94985358	-1.44E-06	0.033333467
-1.046015255	0.000100182	0.030458521	-2.940560264	-1.47E-06	0.03333347
-1.037203008	0.000617648	0.031810646	-2.931266948	-1.50E-06	0.033333473
-1.029076234	-0.00038024	0.03216215	-2.921973632	-1.52E-06	0.033333475
-1.018532155	0.000452325	0.031661932	-2.912680317	-1.55E-06	0.033333478
-1.008739403	0.000706764	0.032339215	-2.903387002	-1.58E-06	0.033333481
-1.001021058	0.000293632	0.033381151	-2.894093688	-1.60E-06	0.033333484
-0.992395072	0.001164985	0.033829665	-2.884800375	-1.63E-06	0.033333487
-0.986117465	0.001655458	0.032926585	-2.875507061	-1.66E-06	0.03333349
-0.975726162	0.000909477	0.028557781	-2.866213749	-1.69E-06	0.033333493
-0.96896289	0.000719443	0.026254403	-2.856920437	-1.72E-06	0.033333496
-0.958016488	0.001064645	0.029918165	-2.847627125	-1.75E-06	0.0333335
-0.949591926	-0.00088273	0.03574264	-2.838333814	-1.78E-06	0.033333503
-0.941164476	0.001769799	0.034943031	-2.829040504	-1.81E-06	0.033333506
-0.935858227	0.001969403	0.032751158	-2.819747194	-1.84E-06	0.03333351
-0.925354259	0.002272908	0.029641733	-2.810453884	-1.88E-06	0.033333513
-0.915380619	0.002320856	0.029224051	-2.801160575	-1.91E-06	0.033333517
-0.908550261	-5.11984E-05	0.030680472	-2.791867267	-1.94E-06	0.03333352
-0.90172297	0.001538811	0.032506586	-2.78257396	-1.97E-06	0.033333524
-0.892907876	-0.000273372	0.033321844	-2.773280653	-2.01E-06	0.033333528
-0.884065935	0.00268516	0.032742886	-2.763987346	-2.04E-06	0.033333531
-0.875348104	0.002369755	0.032372811	-2.754694041	-2.08E-06	0.033333535
-0.868834899	0.000390539	0.032149178	-2.745400736	-2.11E-06	0.033333539
-0.85773206	0.002105897	0.031401811	-2.736107431	-2.15E-06	0.033333543
-0.851293871	0.000300715	0.032184584	-2.726814128	-2.19E-06	0.033333547
-0.842766727	-0.000123914	0.033423265	-2.717520824	-2.23E-06	0.033333552
-0.833957948	0.000658568	0.031057388	-2.708227522	-2.26E-06	0.033333556
-0.826780005	-0.000108312	0.027032442	-2.698934221	-2.30E-06	0.03333356
-0.815573987	0.001336219	0.024490131	-2.68964092	-2.34E-06	0.033333565
-0.809832042	-0.001551241	0.02729319	-2.68034762	-2.38E-06	0.033333569
-0.799369454	0.000662422	0.031044942	-2.67105432	-2.42E-06	0.033333574
-0.790597093	0.002036252	0.030489749	-2.661761022	-2.46E-06	0.033333579
-0.783256359	0.001180498	0.030515583	-2.652467724	-2.51E-06	0.033333583
-0.775524366	-0.001426744	0.032096231	-2.643174427	-2.55E-06	0.033333588
-0.767364949	0.000254047	0.033316733	-2.633881131	-2.59E-06	0.033333593
-0.757392822	0.001505122	0.032604208	-2.624587835	-2.64E-06	0.033333599
-0.748211931	-0.000121203	0.029998439	-2.615294541	-2.68E-06	0.033333604
-0.741516935	-0.000593999	0.028010212	-2.606001247	-2.73E-06	0.033333609
-0.733138487	-0.002249917	0.0273128	-2.596707954	-2.78E-06	0.033333615
-0.723546195	-0.000745806	0.029817887	-2.587414663	-2.82E-06	0.03333362
-0.716928239	0.000477644	0.031654156	-2.578121372	-2.87E-06	0.033333626
-0.707699776	0.000954127	0.033516328	-2.568828082	-2.92E-06	0.033333632
-0.698734671	0.001776928	0.036506003	-2.559534793	-2.97E-06	0.033333637
-0.691147575	0.001690214	0.038459873	-2.550241505	-3.02E-06	0.033333643
-0.68184925	0.001174945	0.036770151	-2.540948218	-3.07E-06	0.03333365
-0.675365203	0.001097639	0.032770598	-2.531654932	-3.13E-06	0.033333656
-0.664765653	-0.0011393	0.025768148	-2.522361647	-3.18E-06	0.033333662
-0.658683293	0.00133024	0.023941205	-2.513068363	-3.24E-06	0.033333669
-0.647650658	0.000427597	0.02974068	-2.50377508	-3.29E-06	0.033333676
-0.640257094	0.001171674	0.035901755	-2.494481798	-3.35E-06	0.033333682
-0.630547232	0.001275593	0.035875851	-2.485188518	-3.40E-06	0.033333689
-0.622829379	0.002543583	0.032816202	-2.475895238	-3.46E-06	0.033333696
-0.616142784	-0.000938841	0.030670257	-2.46660196	-3.52E-06	0.033333704
-0.607489445	0.001729838	0.029388892	-2.457308683	-3.58E-06	0.033333711
-0.598548047	0.000480664	0.030275619	-2.448015407	-3.65E-06	0.033333719
-0.588023422	0.001297299	0.032989195	-2.438722133	-3.71E-06	0.033333726
-0.581576191	0.001764166	0.034251566	-2.429428859	-3.77E-06	0.033333734
-0.572060563	-0.001379677	0.03408536	-2.420135588	-3.84E-06	0.033333742
-0.563967748	0.00121264	0.031295632	-2.410842317	-3.90E-06	0.033333751
-0.555228121	-0.000928896	0.028809603	-2.401549048	-3.97E-06	0.033333759
-0.546260206	-0.001254346	0.031578332	-2.39225578	-4.04E-06	0.033333768
-0.537076297	0.000534957	0.03479448	-2.382962514	-4.11E-06	0.033333777
-0.529434595	0.00139397	0.034735437	-2.373669249	-4.18E-06	0.033333786
-0.523203077	0.000799776	0.033705631	-2.364375985	-4.25E-06	0.033333795
-0.513552472	0.001469288	0.03219004	-2.355082723	-4.33E-06	0.033333804
-0.503116594	0.000822834	0.031284403	-2.345789463	-4.40E-06	0.033333814
-0.495678827	0.000362127	0.030246324	-2.336496204	-4.48E-06	0.033333824
-0.485555346	0.000388704	0.029887506	-2.327202947	-4.56E-06	0.033333834
-0.476258746	0.000229866	0.030832234	-2.317909692	-4.64E-06	0.033333844
-0.469030527	0.000854922	0.03113066	-2.308616438	-4.72E-06	0.033333855
-0.463636211	0.000222296	0.030714601	-2.299323186	-4.80E-06	0.033333865
-0.453843843	0.000196173	0.031481949	-2.290029936	-4.89E-06	0.033333876
-0.445753043	0.000226297	0.035367326	-2.280736687	-4.97E-06	0.033333888
-0.436211729	0.000330989	0.037258856	-2.271443441	-5.06E-06	0.033333899
-0.42848916	-0.000447821	0.034342134	-2.262150196	-5.15E-06	0.033333911
-0.419420426	-0.000474276	0.031477045	-2.252856953	-5.24E-06	0.033333923
-0.414067677	-0.001194369	0.031130257	-2.243563712	-5.33E-06	0.033333935
-0.404453255	0.000919482	0.030394503	-2.234270474	-5.43E-06	0.033333948
-0.394687351	-0.000536922	0.028594769	-2.224977237	-5.52E-06	0.033333961
-0.387948737	-0.00056666	0.028767965	-2.215684002	-5.62E-06	0.033333974
-0.378234806	-0.000278391	0.033017187	-2.20639077	-5.72E-06	0.033333988
-0.37032326	-0.000337772	0.036065223	-2.19709754	-5.82E-06	0.033334002
-0.361586409	0.002055795	0.035008035	-2.187804312	-5.93E-06	0.033334016
-0.354952337	0.001178614	0.034103117	-2.178511086	-6.03E-06	0.03333403
-0.345002992	-0.000653139	0.034794987	-2.169217863	-6.14E-06	0.033334045
-0.337116451	-0.001529995	0.034179439	-2.159924643	-6.25E-06	0.03333406
-0.326464843	-0.001353565	0.03086227	-2.150631424	-6.37E-06	0.033334076
-0.318261532	0.000285725	0.030958568	-2.141338209	-6.48E-06	0.033334092
-0.312102405	-0.000417525	0.032919247	-2.132044995	-6.60E-06	0.033334108
-0.301404994	0.000486131	0.035095442	-2.122751785	-6.72E-06	0.033334125
-0.294215677	0.000118353	0.034341579	-2.113458577	-6.84E-06	0.033334142
-0.28579929	-0.000688792	0.031988037	-2.104165372	-6.96E-06	0.03333416
-0.277841035	0.000578194	0.029899681	-2.09487217	-7.09E-06	0.033334178
-0.269750089	0.001439271	0.029814652	-2.085578971	-7.22E-06	0.033334196
-0.260665013	0.000800234	0.032726149	-2.076285775	-7.35E-06	0.033334215
-0.255039985	0.000278298	0.034480564	-2.066992582	-7.49E-06	0.033334234
-0.244787656	0.000719858	0.034630859	-2.057699392	-7.62E-06	0.033334254
-0.238135863	-0.000702298	0.032987338	-2.048406205	-7.76E-06	0.033334274
-0.230745916	-5.23236E-05	0.031092849	-2.039113022	-7.91E-06	0.033334295
-0.218677938	0.000101181	0.033305513	-2.029819842	-8.05E-06	0.033334317
-0.212300055	0.000198926	0.037075613	-2.020526666	-8.20E-06	0.033334339
-0.204786322	-5.7125E-05	0.038662579	-2.011233493	-8.35E-06	0.033334361
-0.194133002	-0.000158547	0.033676883	-2.001940323	-8.51E-06	0.033334384
-0.186058249	-8.42493E-05	0.033950818	-1.992647158	-8.67E-06	0.033334408
-0.178810414	-0.002042429	0.037321842	-1.983353996	-8.83E-06	0.033334432
-0.17034947	-0.000172418	0.038232425	-1.974060838	-9.00E-06	0.033334457
-0.161838017	-0.000492273	0.036457699	-1.964767684	-9.17E-06	0.033334482
-0.153781794	-0.001772396	0.035598275	-1.955474535	-9.34E-06	0.033334508
-0.144339141	-0.000110155	0.035675664	-1.946181389	-9.52E-06	0.033334535
-0.13521453	-0.001004623	0.035666576	-1.936888248	-9.70E-06	0.033334563
-0.129850188	-0.002050775	0.035551751	-1.927595111	-9.88E-06	0.033334591
-0.120772189	-0.001643337	0.035800521	-1.918301979	-1.01E-05	0.03333462
-0.110142429	-0.001477094	0.036867567	-1.909008852	-1.03E-05	0.03333465
-0.101807899	-0.002069062	0.037830178	-1.899715729	-1.05E-05	0.03333468
-0.095326836	-0.001531938	0.037879127	-1.890422611	-1.07E-05	0.033334712
-0.087226049	-0.00227886	0.034904006	-1.881129499	-1.09E-05	0.033334744
-0.079549784	-0.002451212	0.030703531	-1.871836391	-1.11E-05	0.033334777
-0.068590879	-0.001278846	0.030670588	-1.862543289	-1.13E-05	0.033334811
-0.062241099	-0.003283281	0.032279456	-1.853250192	-1.15E-05	0.033334846
-0.053625909	-0.00293947	0.03319673	-1.843957101	-1.17E-05	0.033334882
-0.045782094	-0.001828668	0.03296618	-1.834664016	-1.20E-05	0.033334918
-0.036913139	-0.002452644	0.03484128	-1.825370936	-1.22E-05	0.033334956
-0.030555853	-0.001712252	0.036517835	-1.816077863	-1.24E-05	0.033334995
-0.02128808	-0.002715782	0.036274422	-1.806784795	-1.27E-05	0.033335035
-0.011502561	-0.001876698	0.034228743	-1.797491734	-1.29E-05	0.033335076
-0.003704001	-0.001550645	0.034078199	-1.78819868	-1.32E-05	0.033335118
0.003942872	-0.00190274	0.03528888	-1.778905632	-1.35E-05	0.033335161
0.012191373	-0.003781648	0.037489764	-1.769612592	-1.37E-05	0.033335206
0.021952221	-0.001631837	0.038872844	-1.760319558	-1.40E-05	0.033335252
0.028762727	0.00033585	0.038193673	-1.751026532	-1.43E-05	0.033335299
0.039080248	-0.002577203	0.037511101	-1.741733513	-1.46E-05	0.033335347
0.045108239	-0.001448441	0.038798111	-1.732440502	-1.49E-05	0.033335397
0.054608418	-0.001672192	0.041403113	-1.723147499	-1.52E-05	0.033335449
0.063135873	-0.001507205	0.040298851	-1.713854504	-1.55E-05	0.033335501
0.072795362	-0.002777105	0.038303645	-1.704561517	-1.58E-05	0.033335556
0.07914997	-0.002152064	0.040138637	-1.695268539	-1.61E-05	0.033335611
0.088199642	-0.001030369	0.042604848	-1.685975569	-1.64E-05	0.033335669
0.098351453	-0.001869036	0.040949788	-1.676682609	-1.68E-05	0.033335728
0.105369067	-0.003265445	0.039774435	-1.667389658	-1.71E-05	0.033335789
0.114131511	-0.001656377	0.039140058	-1.658096717	-1.75E-05	0.033335852
0.121853842	-0.001624784	0.038425341	-1.648803785	-1.79E-05	0.033335916
0.128916181	-0.001823431	0.03754049	-1.639510864	-1.82E-05	0.033335983
0.137606105	-0.002311632	0.039371638	-1.630217953	-1.86E-05	0.033336051
0.147709047	-0.000913018	0.046024146	-1.620925053	-1.90E-05	0.033336122
0.157091571	-0.000425312	0.047751226	-1.611632164	-1.94E-05	0.033336194
0.162224654	-0.000141166	0.046656515	-1.602339286	-1.98E-05	0.033336269
0.173630592	-3.57816E-05	0.043527843	-1.59304642	-2.02E-05	0.033336346
0.182530791	0.001969744	0.04255374	-1.583753566	-2.07E-05	0.033336426
0.18912645	0.000459984	0.042740665	-1.574460725	-2.11E-05	0.033336508
0.197392431	0.001079517	0.043623995	-1.565167896	-2.16E-05	0.033336592
0.207945381	-0.001769531	0.044371293	-1.555875081	-2.20E-05	0.03333668
0.213446472	0.000961186	0.044319927	-1.546582278	-2.25E-05	0.033336769
0.223416969	0.000865324	0.04412496	-1.53728949	-2.30E-05	0.033336862
0.228574481	0.000876942	0.044047661	-1.527996717	-2.35E-05	0.033336958
0.240838014	0.002260831	0.043418843	-1.518703958	-2.40E-05	0.033337056
0.249417474	0.003534419	0.042986746	-1.509411214	-2.46E-05	0.033337158
0.256727887	0.002123075	0.04340795	-1.500118486	-2.51E-05	0.033337263
0.265137217	0.003462333	0.044397247	-1.490825775	-2.57E-05	0.033337371
0.274713389	0.002638567	0.045166209	-1.48153308	-2.62E-05	0.033337483
0.28302351	0.002956997	0.045647681	-1.472240402	-2.68E-05	0.033337598
0.291569673	0.003956198	0.046663126	-1.462947742	-2.74E-05	0.033337718
0.299743993	0.005483177	0.046983051	-1.4536551	-2.80E-05	0.033337841
0.306818539	0.00396492	0.044498165	-1.444362477	-2.87E-05	0.033337968
0.317149706	0.002902682	0.040124005	-1.435069874	-2.93E-05	0.033338099
0.324549907	0.002905415	0.04113948	-1.42577729	-3.00E-05	0.033338235
0.333270352	0.005432956	0.044750718	-1.416484728	-3.07E-05	0.033338375
0.342872453	0.0040301	0.044351373	-1.407192186	-3.14E-05	0.03333852
0.349735046	0.007667157	0.041580568	-1.397899667	-3.21E-05	0.03333867
0.359660818	0.00628545	0.038158643	-1.38860717	-3.29E-05	0.033338824
0.36795851	0.004514726	0.037740206	-1.379314697	-3.36E-05	0.033338984
0.375888664	0.007649977	0.040252673	-1.370022249	-3.44E-05	0.03333915
0.384639726	0.005233378	0.043732372	-1.360729825	-3.52E-05	0.033339321
0.391305289	0.006174473	0.044380054	-1.351437427	-3.61E-05	0.033339498
0.401534085	0.004990785	0.044005952	-1.342145056	-3.69E-05	0.033339681
0.409377079	0.006724097	0.044172898	-1.332852712	-3.78E-05	0.033339871
0.419840409	0.005120954	0.042902012	-1.323560397	-3.87E-05	0.033340067
0.426443714	0.005321112	0.040553252	-1.314268111	-3.96E-05	0.03334027
0.436610084	0.00717376	0.038031542	-1.304975855	-4.06E-05	0.033340481
0.443338451	0.005921415	0.038618305	-1.295683631	-4.16E-05	0.033340698
0.451877426	0.007108594	0.04014749	-1.28639144	-4.26E-05	0.033340924
0.462393481	0.006219862	0.040473397	-1.277099281	-4.36E-05	0.033341158
0.468627143	0.006072264	0.039064785	-1.267807158	-4.47E-05	0.0333414
0.477953998	0.005951325	0.035721268	-1.258515071	-4.58E-05	0.033341651
0.487439402	0.006896917	0.033802996	-1.24922302	-4.69E-05	0.033341911
0.492831866	0.006617904	0.033969089	-1.239931008	-4.81E-05	0.03334218
0.501922941	0.005693452	0.035797365	-1.230639036	-4.93E-05	0.033342459
0.509672696	0.006805892	0.037720328	-1.221347104	-5.06E-05	0.033342749
0.517549191	0.006069173	0.038543122	-1.212055215	-5.18E-05	0.03334305
0.528712123	0.005206324	0.03598951	-1.20276337	-5.31E-05	0.033343362
0.534004723	0.006207405	0.033853494	-1.193471571	-5.45E-05	0.033343685
0.541429324	0.0043202	0.031056629	-1.184179818	-5.59E-05	0.033344021
0.55137603	0.004929693	0.030093815	-1.174888115	-5.73E-05	0.033344369
0.560365458	0.003445772	0.032512453	-1.165596462	-5.88E-05	0.033344731
0.568445862	0.006266022	0.033489844	-1.156304861	-6.03E-05	0.033345107
0.575430239	0.004126699	0.032231752	-1.147013315	-6.19E-05	0.033345497
0.583947634	0.00472305	0.031504247	-1.137721825	-6.35E-05	0.033345903
0.593100338	0.002780785	0.034793003	-1.128430392	-6.52E-05	0.033346324
0.603132754	0.002568146	0.036006257	-1.11913902	-6.69E-05	0.033346762
0.611088575	0.001837276	0.033999116	-1.10984771	-6.87E-05	0.033347217
0.619973834	0.00425413	0.033001411	-1.100556466	-7.06E-05	0.033347691
0.625718354	0.003436453	0.033223803	-1.091265288	-7.25E-05	0.033348183
0.633613396	0.001418719	0.033821731	-1.08197418	-7.44E-05	0.033348695
0.642271965	0.001242035	0.033986311	-1.072683144	-7.64E-05	0.033349227
0.650064762	0.002162538	0.033043992	-1.063392183	-7.85E-05	0.033349781
0.666875197	0.003104949	0.029568201	-1.054101299	-8.07E-05	0.033350358
0.666875197	0.003104949	0.029568201	-1.044810497	-8.29E-05	0.033350959
0.67729604	0.00200055	0.029889099	-1.035519777	-8.52E-05	0.033351584
0.685219706	0.003320491	0.030149484	-1.026229145	-8.75E-05	0.033352236
0.691836577	0.002526463	0.02983182	-1.016938602	-9.00E-05	0.033352914
0.702012609	-0.000467257	0.028011272	-1.007648154	-9.25E-05	0.033353621
0.708543863	0.000449027	0.026987422	-0.998357803	-9.51E-05	0.033354358
0.716924056	-0.000880776	0.0276404	-0.989067553	-9.78E-05	0.033355127
0.724873239	-0.001534375	0.029810485	-0.979777406	-0.000100619	0.033355928
0.733256427	-0.000788597	0.03019815	-0.970487371	-0.000103503	0.033356764
0.742405051	0.000894662	0.027957113	-0.961197446	-0.000106483	0.033357636
0.748694401	0.001015426	0.026552527	-0.951907641	-0.000109567	0.033358546
0.758461161	-0.001878676	0.025811909	-0.942617957	-0.000112755	0.033359496
0.766557693	-0.00062296	0.026201524	-0.933328402	-0.000116053	0.033360488
0.776716627	-0.000984143	0.027694165	-0.924038977	-0.000119465	0.033361523
0.780149403	-0.001862898	0.028430219	-0.914749692	-0.000122996	0.033362605
0.791354613	-0.003619144	0.031016333	-0.905460548	-0.00012665	0.033363736
0.798748277	-0.004862191	0.031850498	-0.896171553	-0.000130432	0.033364918
0.80911394	-0.004886847	0.03168405	-0.886882714	-0.000134347	0.033366153
0.813767409	-0.002613842	0.031322728	-0.877594035	-0.0001384	0.033367445
0.82426067	-0.004491984	0.030538332	-0.868305524	-0.000142598	0.033368796
0.832251297	-0.004170772	0.030702138	-0.859017187	-0.000146945	0.03337021
0.841871609	-0.002973251	0.032677116	-0.849729032	-0.000151449	0.033371689
0.847841476	-0.004583996	0.034328365	-0.840441066	-0.000156114	0.033373238
0.855941124	-0.004680953	0.03474041	-0.831153297	-0.000160948	0.03337486
0.865136487	-0.005952675	0.031304739	-0.821865733	-0.000165958	0.033376559
0.874930075	-0.005048873	0.029616119	-0.812578383	-0.000171152	0.033378338
0.880428411	-0.006243411	0.031580385	-0.803291256	-0.000176534	0.033380204
0.890701534	-0.005109841	0.032527393	-0.79400436	-0.000182117	0.033382159
0.899054217	-0.00603416	0.028352644	-0.784717708	-0.000187905	0.03338421
0.907662808	-0.005037607	0.026905942	-0.775431305	-0.00019391	0.033386361
0.917486266	-0.007640997	0.03004	-0.766145169	-0.000200137	0.033388618
0.923813068	-0.006632243	0.03130443	-0.756859305	-0.0002066	0.033390987
0.931694719	-0.007787895	0.030120061	-0.747573726	-0.000213304	0.033393474
0.941435028	-0.008603609	0.029359858	-0.738288447	-0.000220264	0.033396087
0.947921291	-0.00828687	0.031204278	-0.729003479	-0.000227487	0.033398831
0.958894199	-0.006765268	0.032976625	-0.719718834	-0.000234986	0.033401715
0.965055661	-0.009136985	0.031451547	-0.71043453	-0.000242774	0.033404747
0.973684698	-0.00842204	0.030394493	-0.701150577	-0.00025086	0.033407935
0.981395834	-0.00986938	0.033564478	-0.691866997	-0.00025926	0.033411289
0.991827702	-0.010037518	0.037521585	-0.682583797	-0.000267984	0.033414818
0.99850037	-0.009260644	0.037899504	-0.673301006	-0.00027705	0.033418533
1.005391602	-0.008630156	0.037105244	-0.664018629	-0.000286468	0.033422443
1.015142583	-0.007289355	0.035387878	-0.654736696	-0.000296259	0.033426564
1.022248835	-0.008147939	0.035080901	-0.645455216	-0.000306432	0.033430904
1.032761288	-0.008552974	0.036459526	-0.636174217	-0.000317011	0.033435479
1.041242687	-0.008301835	0.037959216	-0.626893717	-0.000328004	0.033440302
1.048158555	-0.009841292	0.038520541	-0.617613739	-0.000339441	0.033445391
1.058216021	-0.007736465	0.03617804	-0.608334305	-0.00035133	0.033450758
1.065274535	-0.007248845	0.034064639	-0.599055444	-0.000363701	0.033456424
1.073593348	-0.005896654	0.037503452	-0.589777174	-0.000376562	0.033462405
1.080812843	-0.00805897	0.044993527	-0.58049953	-0.000389949	0.033468723
1.091140292	-0.007348699	0.045813597	-0.571222534	-0.000403871	0.033475398
1.098034934	-0.007476607	0.042826329	-0.561946219	-0.000418364	0.033482454
1.106651009	-0.008446678	0.040400453	-0.552670615	-0.00043344	0.033489914
1.116876994	-0.008532787	0.04004724	-0.543395753	-0.000449137	0.033497805
1.124878774	-0.007089806	0.03970171	-0.53412167	-0.000465471	0.033506155
1.13368511	-0.008897326	0.03932072	-0.5248484	-0.00048248	0.033514994
1.141571264	-0.006542692	0.040494047	-0.515575974	-0.000500181	0.033524353
1.150127628	-0.00620793	0.042983649	-0.506304443	-0.000518616	0.033534269
1.157230908	-0.004770948	0.045105307	-0.497033836	-0.000537807	0.033544776
1.166049982	-0.005353984	0.046610269	-0.487764203	-0.000557794	0.033555917
1.176062764	-0.005481378	0.045462282	-0.47849558	-0.000578606	0.033567731
1.183656784	-0.00608183	0.043464904	-0.469228022	-0.000600281	0.033580267
1.191865296	-0.003936223	0.041735257	-0.459961563	-0.000622852	0.033593569
1.198561573	-0.007447488	0.041311973	-0.450696274	-0.00064636	0.033607698
1.209399121	-0.00494613	0.042882489	-0.441432184	-0.000670843	0.033622702
1.219396327	-0.004181991	0.042850291	-0.432169367	-0.000696339	0.033638648
1.2278922	-0.00566204	0.039974942	-0.422907872	-0.000722894	0.0336556
1.235451737	-0.004662893	0.038589497	-0.413647751	-0.000750545	0.033673624
1.243727345	-0.005043683	0.041718953	-0.404389079	-0.000779345	0.033692805
1.252784111	-0.003464771	0.047072823	-0.395131895	-0.000809325	0.033713211
1.26152529	-0.00248864	0.048408531	-0.385876305	-0.000840553	0.033734949
1.269639581	-0.004077371	0.046295896	-0.376622318	-0.000873046	0.033758086
1.2776401	-0.00051372	0.043038374	-0.367370083	-0.000906889	0.033782761
1.286698375	-0.002815066	0.041705435	-0.358119597	-0.000942086	0.033809042
1.295155805	-0.002770089	0.044744417	-0.34887099	-0.000978737	0.033837086
1.303635858	-0.000879084	0.047340267	-0.339624291	-0.001016837	0.033866981
1.312285006	-0.002158329	0.046555402	-0.330379623	-0.001056489	0.033898901
1.321139632	-0.002492314	0.045214786	-0.32113703	-0.001097687	0.033932958
1.329188462	-0.001296305	0.04466895	-0.311896622	-0.001140531	0.033969342
1.339670367	-0.001728018	0.044037648	-0.302658451	-0.001185015	0.034008189
1.345581038	-0.000977447	0.043508579	-0.29342264	-0.001231231	0.03404972
1.354491115	-0.000199231	0.042463945	-0.284189202	-0.001279171	0.034094077
1.362390144	0.002678157	0.041555502	-0.274958294	-0.001328918	0.034141526
1.373745874	-0.000754416	0.041270376	-0.265729921	-0.001380457	0.034192233
1.381911814	0.001320427	0.041698488	-0.256504214	-0.001433845	0.034246481
1.391061323	0.000619765	0.042089469	-0.247281217	-0.001489072	0.034304497
1.398537091	0.001436702	0.042191013	-0.238060967	-0.001546152	0.03436654
1.404361352	-0.000236507	0.042118596	-0.228843551	-0.001605075	0.034432908
1.413716746	0.000962769	0.041735482	-0.219628986	-0.001665805	0.034503876
1.423137687	0.001055963	0.041079548	-0.210417302	-0.00172832	0.034579765
1.430796611	0.001765214	0.04040068	-0.201208512	-0.001792527	0.034660878
1.438322321	0.003069737	0.039657139	-0.192002652	-0.001858385	0.034747601
1.448430964	0.002076449	0.038910732	-0.182799603	-0.001925729	0.034840184
1.457442835	0.000791026	0.039142221	-0.173599408	-0.001994478	0.034939077
1.465028912	0.0007168	0.039352602	-0.164401906	-0.002064386	0.035044532
1.473881333	0.000420577	0.037722933	-0.155207019	-0.002135311	0.035156973
1.482526454	0.000441226	0.035333366	-0.146014507	-0.002206922	0.035276617
1.490515799	0.001966833	0.035986469	-0.136824276	-0.00227898	0.035403913
1.498513134	0.001335397	0.038169619	-0.127636005	-0.002351071	0.035539047
1.507488292	0.001062127	0.035899835	-0.118449437	-0.002422851	0.035682366
1.514622882	-0.000649394	0.03310023	-0.109264148	-0.002493819	0.035833976
1.522724785	0.000331083	0.035072641	-0.100079788	-0.002563491	0.035994117
1.531624244	0.00091947	0.039063203	-0.09089588	-0.002631286	0.036162859
1.538928991	0.002419323	0.038488051	-0.081711913	-0.002696589	0.03634024
1.548065562	-0.000389807	0.033157569	-0.072527317	-0.002758747	0.036526217
1.555792506	0.000857221	0.031643496	-0.063341456	-0.002817038	0.036720605
1.564334143	0.000556293	0.033830215	-0.054153686	-0.002870736	0.036923206
1.573591211	0.000915307	0.033311416	-0.044963286	-0.002919067	0.037133649
1.582999831	2.4598E-05	0.031134566	-0.035769554	-0.002961252	0.037351538
1.59104005	-4.43265E-05	0.03004715	-0.026571733	-0.002996491	0.037576325
1.59978708	0.000303225	0.030865326	-0.017369077	-0.003024003	0.037807395
1.607668751	-0.001892143	0.032853133	-0.008160807	-0.003043029	0.038044025
1.616215203	-0.000362358	0.032917945	0.001053864	-0.00305287	0.038285404
1.624730225	-2.03888E-05	0.030031853	0.010275604	-0.003052762	0.038530815
1.6325901	-0.003944955	0.028954006	0.019504933	-0.003041856	0.038779056
1.640374433	-0.001857517	0.031109354	0.028742775	-0.003019798	0.039029243
1.649523344	-0.00138767	0.031572224	0.03798969	-0.002985991	0.039280311
1.655631043	-0.001516973	0.028936733	0.047246218	-0.002939932	0.039531126
1.666300982	-0.001793112	0.025792294	0.056512851	-0.002881212	0.039780509
1.672290729	-0.003793798	0.027866104	0.065790027	-0.002809515	0.040027251
1.681352403	-0.002109955	0.030934039	0.075078117	-0.002724602	0.040270116
1.689816769	-0.002215073	0.027341385	0.084377389	-0.002626335	0.040507792
1.698339945	-0.004860792	0.024553094	0.093688068	-0.002514651	0.040739015
1.706965067	-0.00318732	0.026039333	0.103010252	-0.002389601	0.040962431
1.715746662	-0.002570291	0.027508157	0.112343996	-0.002251303	0.041176767
1.722319124	-0.004780147	0.026689327	0.121689239	-0.002099977	0.041380709
1.731696993	-0.004164017	0.024348758	0.131045837	-0.001935944	0.041572943
1.739423303	-0.005052248	0.022978405	0.140413604	-0.001759567	0.041752274
1.745980393	-0.00497949	0.022954288	0.149792187	-0.00157137	0.041917372
1.757088315	-0.004522307	0.025935555	0.159181238	-0.00137185	0.042067137
1.764496789	-0.005378925	0.028413498	0.168580268	-0.001161669	0.042200369
1.772998079	-0.005709731	0.029959204	0.177988804	-0.000941497	0.042316055
1.78054236	-0.005539075	0.029413344	0.187406216	-0.000712076	0.042413156
1.789953605	-0.004705569	0.026431934	0.196831818	-0.000474239	0.04249068
1.796278096	-0.006936906	0.024559459	0.206264986	-0.000228789	0.042547867
1.808095143	-0.006788678	0.024041568	0.21570486	2.33E-05	0.042583795
1.815205836	-0.009169722	0.025988667	0.225150707	0.000281173	0.042597856
1.823668064	-0.007847904	0.029264693	0.234601679	0.000543794	0.042589387
1.831471595	-0.008802136	0.0305477	0.244056886	0.000810199	0.042557856
1.840652356	-0.005647595	0.029102424	0.25351545	0.001079361	0.042502827
1.849838322	-0.007300121	0.025829484	0.262976451	0.001350213	0.04242392
1.857117767	-0.005484955	0.023890799	0.272438979	0.001621747	0.042320909
1.865747166	-0.007898165	0.024855807	0.281902068	0.001892824	0.042193558
1.8741379	-0.008967198	0.027989628	0.291364841	0.002162442	0.042041854
1.884194748	-0.007365904	0.030339233	0.300826286	0.002429447	0.041865717
1.890344468	-0.0076974	0.030086891	0.310285576	0.002692831	0.04166533
1.900322096	-0.007363584	0.027258342	0.319741713	0.002951458	0.041440797
1.909203668	-0.009288213	0.025296173	0.329193885	0.003204319	0.041192458
1.915893224	-0.007670494	0.026542077	0.338641209	0.003450307	0.040920638
1.92569237	-0.009875526	0.028540335	0.348082876	0.00368843	0.040625815
1.933560886	-0.009099296	0.027098572	0.357518066	0.003917615	0.04030849
1.941419683	-0.009885486	0.025661419	0.366946087	0.004136912	0.039969329
1.950699755	-0.011318311	0.02883191	0.376366182	0.00434529	0.039608988
1.958702217	-0.009974983	0.033464419	0.385777781	0.004541844	0.039228305
1.968931897	-0.010901397	0.032456214	0.395180259	0.004725611	0.038828113
1.975383569	-0.009728102	0.029114803	0.404573112	0.004895732	0.038409377
1.984240526	-0.010075411	0.026531031	0.413955864	0.005051315	0.037973098
1.991852405	-0.009841294	0.026910574	0.423328151	0.00519156	0.037520386
2.000801129	-0.010154514	0.028604105	0.432689659	0.00531569	0.037052407
2.008784919	-0.009834	0.030203129	0.442040151	0.00542295	0.03657039
2.020246838	-0.010369524	0.031447935	0.451379518	0.005512677	0.036075661
2.024319026	-0.009488921	0.031330253	0.460707648	0.005584196	0.035569563
2.034683691	-0.0108149	0.029896596	0.470024573	0.00563692	0.035053529
2.043295454	-0.009907372	0.029121147	0.47933042	0.005670319	0.034529054
2.051766028	-0.00893975	0.029747496	0.488625376	0.005683891	0.033997669
2.059140347	-0.011282324	0.030338324	0.497909725	0.005677215	0.033460967
2.067766887	-0.008426008	0.029613981	0.507183845	0.005649929	0.032920586
2.075680849	-0.008710118	0.02891038	0.516448188	0.005601714	0.032378198
2.085759039	-0.009706063	0.031823597	0.525703302	0.005532334	0.03183552
2.093879933	-0.008668574	0.034557248	0.534949821	0.005441634	0.031294307
2.104112334	-0.009953972	0.0347533	0.544188423	0.005329504	0.030756328
2.110546384	-0.008537922	0.034186907	0.553419862	0.005195913	0.030223374
2.12155498	-0.00826061	0.03425351	0.562644955	0.005040912	0.029697259
2.129041353	-0.010557602	0.034101479	0.571864574	0.004864634	0.029179804
2.13823741	-0.011280135	0.03279526	0.581079618	0.004667289	0.028672831
2.14477626	-0.008857314	0.031876205	0.590291004	0.004449163	0.028178154
2.153829445	-0.009568705	0.03160927	0.599499662	0.004210634	0.027697576
2.16307312	-0.008796271	0.032253445	0.608706512	0.003952165	0.02723288
2.171664183	-0.008664957	0.033106068	0.61791245	0.003674306	0.026785816
2.18095206	-0.007987442	0.034117238	0.62711833	0.003377696	0.0263581
2.187893283	-0.009564336	0.034698479	0.636324944	0.003063059	0.025951396
2.19681335	-0.008734835	0.034675814	0.645533007	0.00273121	0.025567314
2.205041743	-0.010081204	0.033710556	0.654743142	0.002383055	0.025207397
2.214983375	-0.00880212	0.032106257	0.663955863	0.002019588	0.024873115
2.224873959	-0.008187083	0.031099905	0.67317156	0.001641885	0.02456585
2.229681227	-0.010144787	0.031135504	0.682390483	0.001251102	0.024286887
2.239093002	-0.010269292	0.032000649	0.691612742	0.000848471	0.024037411
2.248076844	-0.010116255	0.033199062	0.700838306	0.000435299	0.02381849
2.256804644	-0.010232138	0.034115593	0.710067006	1.30E-05	0.023631075
2.26450676	-0.008841628	0.034430329	0.719298534	-0.000417104	0.023475987
2.274242715	-0.009876158	0.03393897	0.728532453	-0.000853416	0.023353908
2.282644079	-0.008507952	0.032603574	0.737768222	-0.001294444	0.02326538
2.292289785	-0.00894129	0.031547672	0.747005215	-0.001738623	0.023210801
2.30011275	-0.008932054	0.033549092	0.756242743	-0.002184364	0.023190416
2.3085836	-0.010430885	0.035696684	0.765480079	-0.002630065	0.023204316
2.316455955	-0.008031143	0.034028679	0.774716493	-0.00307412	0.023252442
2.323376659	-0.008842673	0.030981189	0.783951278	-0.00351493	0.023334576
2.333087152	-0.008227724	0.028446918	0.793183779	-0.003950914	0.023450354
2.341585365	-0.008614967	0.029778613	0.802413419	-0.004380518	0.023599257
2.34957598	-0.008887517	0.031218686	0.811639726	-0.004802228	0.023780625
2.357901452	-0.00668688	0.032157998	0.820862351	-0.005214575	0.023993657
2.368120206	-0.008925331	0.033891192	0.830081083	-0.005616145	0.024237417
2.374125461	-0.009054191	0.034763088	0.839295859	-0.00600559	0.024510844
2.385328299	-0.009032913	0.034053431	0.848506768	-0.00638163	0.02481276
2.392867672	-0.008829944	0.032613639	0.857714055	-0.006743059	0.025141877
2.400715859	-0.00738143	0.03135908	0.866918113	-0.00708875	0.025496805
2.410133816	-0.009142381	0.030445118	0.876119473	-0.007417663	0.025876066
2.417996407	-0.008398027	0.030225746	0.885318795	-0.007728841	0.026278099
2.42549886	-0.007697944	0.030134665	0.894516852	-0.008021418	0.026701272
2.435768842	-0.00776172	0.029869942	0.903714511	-0.008294613	0.027143892
2.444557021	-0.008557851	0.031757201	0.91291272	-0.008547737	0.027604214
2.4537952	-0.009208842	0.036018966	0.922112482	-0.00878019	0.02808045
2.461220234	-0.008633027	0.037471679	0.93131484	-0.008991458	0.028570777
2.468024034	-0.009648938	0.035832565	0.94052086	-0.009181117	0.029073347
2.47737119	-0.00944707	0.032458159	0.949731607	-0.009348825	0.029586297
2.487126558	-0.007393114	0.03088787	0.958948136	-0.009494326	0.030107752
2.49584744	-0.008246222	0.030468556	0.968171471	-0.009617443	0.030635836
2.505033043	-0.008813702	0.03022595	0.977402598	-0.00971808	0.031168679
2.512418915	-0.007639869	0.031035186	0.986642445	-0.009796216	0.031704419
2.52095384	-0.007438371	0.033099719	0.995891881	-0.009851902	0.032241215
2.529855383	-0.009256704	0.033719326	1.005151699	-0.009885263	0.032777246
2.539278862	-0.009679463	0.031537929	1.014422614	-0.009896491	0.033310722
2.547606386	-0.008899522	0.030123306	1.023705259	-0.009885845	0.033839882
2.555266411	-0.007697308	0.030557111	1.033000175	-0.009853644	0.034363005
2.564197295	-0.007794134	0.032211996	1.042307815	-0.009800271	0.034878411
2.572712709	-0.009020487	0.033616116	1.051628536	-0.009726166	0.035384464
2.580165493	-0.009516456	0.03344594	1.060962603	-0.009631825	0.035879577
2.590184844	-0.008287645	0.031564026	1.070310189	-0.009517795	0.036362215
2.599075165	-0.009474554	0.032279424	1.079671376	-0.009384672	0.036830896
2.605570723	-0.006181366	0.033934944	1.089046153	-0.009233105	0.037284198
2.614201246	-0.00815895	0.035320638	1.09843442	-0.009063787	0.037720757
2.623606536	-0.006763329	0.033657377	1.107835991	-0.008877454	0.038139273
2.631683011	-0.008412505	0.031429621	1.117250605	-0.008674877	0.038538507
2.641983509	-0.00833048	0.030839039	1.126677917	-0.008456872	0.038917289
2.648653732	-0.008659775	0.031266779	1.136117508	-0.008224292	0.039274515
2.655417518	-0.008299016	0.031695718	1.14556889	-0.00797802	0.039609152
2.6639441	-0.008216899	0.031741338	1.155031506	-0.00771897	0.039920237
2.673079486	-0.007049594	0.031252102	1.164504745	-0.007448088	0.040206878
2.681170149	-0.007989882	0.031123852	1.173987935	-0.007166341	0.040468258
2.689751223	-0.007281148	0.031441862	1.183480348	-0.006874728	0.040703636
2.699143037	-0.00783391	0.031882673	1.192981216	-0.006574264	0.040912342
2.707395215	-0.007335841	0.03207793	1.202489725	-0.006265985	0.041093786
2.716293557	-0.007932242	0.032251262	1.212005028	-0.005950944	0.041247454
2.724694896	-0.007438542	0.032546138	1.221526241	-0.00563021	0.04137291
2.733243105	-0.008502826	0.032941923	1.231052458	-0.00530486	0.041469794
2.740514416	-0.007815844	0.033205792	1.240582749	-0.004975984	0.041537827
2.749898935	-0.008196097	0.033017412	1.250116167	-0.004644679	0.041576809
2.76059806	-0.006316591	0.032587218	1.259651755	-0.004312045	0.041586618
2.766911717	-0.008799372	0.033129218	1.269188548	-0.003979185	0.041567211
2.774847157	-0.007676879	0.034325429	1.278725581	-0.003647204	0.041518627
2.783732519	-0.008360137	0.034939912	1.288261895	-0.003317198	0.041440981
2.791984766	-0.00744203	0.034323866	1.297796535	-0.00299027	0.041334472
2.802741296	-0.008826338	0.032004232	1.307328568	-0.002667496	0.041199372
2.810704434	-0.006856437	0.030393712	1.316857068	-0.002349965	0.041036041
2.81988952	-0.009145993	0.030147252	1.326381149	-0.002038733	0.040844905
2.826737892	-0.009214005	0.03053201	1.335899942	-0.00173485	0.040626479
2.835880042	-0.006466101	0.030287831	1.345412617	-0.001439353	0.040381352
2.842291857	-0.006726361	0.029787214	1.354918394	-0.001153243	0.040110184
2.852730621	-0.007583195	0.030578011	1.364416514	-0.000877518	0.03981372
2.860802731	-0.008414382	0.031896184	1.373906286	-0.00061314	0.039492776
2.86971405	-0.009096388	0.031780226	1.383387076	-0.000361037	0.039148237
2.876255063	-0.00795816	0.03096493	1.39285829	-0.000122124	0.03878107
2.884915181	-0.007737322	0.030928344	1.402319415	0.000102726	0.038392306
2.894377782	-0.00635137	0.0322812	1.411769999	0.000312684	0.037983049
2.902386019	-0.008342072	0.033461592	1.421209666	0.000506941	0.037554469
2.911461722	-0.009324966	0.033713146	1.430638113	0.000684735	0.037107807
2.922240363	-0.00712285	0.031742721	1.44005511	0.000845352	0.036644364
2.926450238	-0.008759744	0.030771471	1.449460535	0.00098812	0.036165502
2.937465611	-0.007972039	0.029467548	1.458854331	0.00111241	0.035672647
2.946265872	-0.00853934	0.029864701	1.468236517	0.001217639	0.035167287
2.953873419	-0.009032865	0.030638681	1.477607249	0.001303294	0.03465095
2.964405832	-0.009337455	0.031620882	1.486966739	0.001368906	0.034125225
2.971788326	-0.007561805	0.032020636	1.496315296	0.001414056	0.033591752
2.980374566	-0.008425106	0.032678957	1.505653325	0.001438394	0.033052212
2.990965874	-0.006532974	0.033617427	1.51498135	0.001441643	0.032508318
2.995717251	-0.00545648	0.03349323	1.524299954	0.001423579	0.031961829
3.006490329	-0.008421339	0.031134514	1.533609792	0.001384031	0.031414544
3.014526244	-0.005706455	0.029028036	1.542911655	0.001322935	0.030868265
3.022796192	-0.008344363	0.028340932	1.552206387	0.001240291	0.030324825
3.031183857	-0.006215664	0.030301644	1.561494886	0.001136156	0.02978608
3.040832158	-0.006576385	0.03507262	1.570778105	0.001010665	0.029253897
3.050128056	-0.007626366	0.035335501	1.580057107	0.000864079	0.028730116
3.054976572	-0.008892043	0.033462333	1.589332929	0.000696704	0.028216601
3.065294625	-0.008426774	0.029679745	1.598606649	0.000508929	0.027715199
3.073901738	-0.007621087	0.029055629	1.607879383	0.00030126	0.02722772
3.080747171	-0.007881278	0.029741746	1.617152208	7.43E-05	0.026755955
3.091216152	-0.006758215	0.03139353	1.626426196	-0.000171328	0.026301652
3.098921009	-0.00683506	0.03157982	1.635702367	-0.000434809	0.025866513
3.108273706	-0.008235823	0.030434849	1.644981691	-0.000715281	0.025452169
3.114519174	-0.007703242	0.029699902	1.654265053	-0.001011793	0.025060194
3.124965237	-0.008089985	0.029561439	1.663553229	-0.001323292	0.024692079
3.132734232	-0.007827768	0.030006727	1.672846936	-0.001648612	0.024349202
3.142146694	-0.00877499	0.030804775	1.68214669	-0.001986546	0.024032878
3.148806941	-0.009134719	0.031665404	1.691452933	-0.002335739	0.023744265
3.158722919	-0.007832655	0.032813371	1.700765937	-0.002694795	0.023484424
3.167622092	-0.008252522	0.032000982	1.710085841	-0.003062239	0.023254271
3.176365999	-0.007032942	0.029279945	1.71941264	-0.003436495	0.02305457
3.184404245	-0.007241893	0.027437622	1.728746188	-0.003815974	0.022885944
3.191992976	-0.008471813	0.02744339	1.738086236	-0.004198975	0.022748829
3.200316311	-0.007737449	0.028736625	1.747432421	-0.004583815	0.022643512
3.210031184	-0.007434129	0.030594449	1.756784312	-0.00496872	0.022570071
3.218722791	-0.007906077	0.030966067	1.766141357	-0.00535196	0.022528447
3.226513815	-0.010676402	0.029664131	1.775503075	-0.005731746	0.022518338
3.236094984	-0.008934355	0.027874202	1.784868917	-0.006106329	0.022539276
3.245571167	-0.008608426	0.028040095	1.794238331	-0.006473998	0.022590626
3.252988012	-0.008139319	0.030774444	1.803610888	-0.006833007	0.022671495
3.260518629	-0.008212055	0.034699345	1.812986162	-0.007181782	0.022780886
3.27086474	-0.009270835	0.031291507	1.822363907	-0.00751869	0.022917513
3.277865979	-0.008030161	0.025850124	1.831743851	-0.007842301	0.02308003
3.286847727	-0.007150806	0.024008812	1.841125879	-0.008151249	0.023266888
3.294907726	-0.009404237	0.027013845	1.850510035	-0.008444219	0.023476313
3.303470319	-0.010043627	0.027849929	1.859896336	-0.008720168	0.023706544
3.310318831	-0.009203001	0.026646478	1.869285014	-0.008978064	0.02395555
3.321302523	-0.009117048	0.028897448	1.87867628	-0.009217124	0.024221307
3.329514413	-0.007562233	0.031565485	1.888070397	-0.009436735	0.024501725
3.338698975	-0.010277254	0.031105807	1.897467736	-0.009636381	0.024794545
3.347318428	-0.007568048	0.029116808	1.906868515	-0.009815849	0.025097693
3.356715239	-0.007172425	0.027940694	1.91627308	-0.009975025	0.025408921
3.363086805	-0.007394011	0.027501173	1.925681619	-0.010114035	0.025726162
3.37094876	-0.00707727	0.026815411	1.9350943	-0.010233177	0.026047382
3.380358802	-0.009053222	0.026936925	1.944511261	-0.010332892	0.026370566
3.389472944	-0.009608974	0.029086123	1.953932476	-0.010413834	0.026693952
3.397143353	-0.009466919	0.030284546	1.963357903	-0.010476761	0.02701581
3.406178576	-0.007581255	0.028072004	1.97278736	-0.010522567	0.027334624
3.414563244	-0.006989857	0.025013099	1.982220648	-0.01055225	0.027648955
3.421868502	-0.008817273	0.02525156	1.99165745	-0.010566887	0.027957573
3.431709422	-0.008600019	0.027758421	2.0010974	-0.010567598	0.02825937
3.440782114	-0.007347196	0.027210606	2.010540036	-0.010555506	0.02855339
3.449838307	-0.007950718	0.026707994	2.01998508	-0.01053196	0.028838652
3.458017836	-0.009702301	0.02839417	2.029432019	-0.010498136	0.029114678
3.465154596	-0.007978954	0.029844243	2.038880226	-0.010455082	0.029380742
3.474348107	-0.008326153	0.029391665	2.048329259	-0.010404013	0.029636388
3.48377328	-0.007768834	0.02872749	2.057778633	-0.010346055	0.029881266
3.491020099	-0.008215533	0.029844132	2.067227864	-0.010282279	0.030115131
3.501757357	-0.008245878	0.03040377	2.076676483	-0.010213689	0.030337856
3.509033738	-0.008738876	0.028533663	2.086124042	-0.010141224	0.030549405
3.517712883	-0.007817494	0.027808485	2.095570132	-0.010065743	0.030749848
3.526429098	-0.009181707	0.029026089	2.105014379	-0.009988038	0.030939338
3.53207024	-0.008430418	0.029999969	2.114456441	-0.00990882	0.031118087
3.543062129	-0.0105464	0.030541278	2.123896058	-0.00982872	0.031286427
3.551055355	-0.007483	0.030343874	2.133332962	-0.009748296	0.031444673
3.559361628	-0.009025004	0.030537081	2.142766949	-0.009668021	0.031593227
3.568523247	-0.007881967	0.029466734	2.152197842	-0.009588323	0.031732479
3.576558966	-0.010098343	0.027294921	2.161625537	-0.009509532	0.03186291
3.585574757	-0.006637306	0.025912015	2.171049921	-0.009431967	0.031984927
3.591772775	-0.009881607	0.026257627	2.180470991	-0.009355836	0.032099053
3.601813285	-0.00844063	0.026795684	2.18988865	-0.009281381	0.032205653
3.611885962	-0.00845699	0.025934396	2.199302944	-0.009208687	0.032305256
3.618267774	-0.007251803	0.026085579	2.208713848	-0.009137946	0.032398214
3.627502938	-0.007452771	0.027832099	2.218121466	-0.009069167	0.03248504
3.637686381	-0.008008833	0.028412317	2.227525735	-0.009002479	0.032566016
3.645510396	-0.008042787	0.027205766	2.236926835	-0.008937846	0.032641642
3.655220946	-0.007902665	0.026640574	2.246324762	-0.008875356	0.032712192
3.662170434	-0.009744533	0.027338688	2.255719629	-0.008814941	0.032778065
3.673236347	-0.008088214	0.028045658	2.265111501	-0.008756655	0.032839535
3.681477891	-0.008249353	0.027684163	2.274500515	-0.00870041	0.032896961
3.688976708	-0.008167712	0.027095879	2.283886686	-0.008646235	0.032950557
3.696698535	-0.008986881	0.02674625	2.293270192	-0.008594036	0.033000654
3.706768122	-0.007850179	0.0275196	2.302651058	-0.008543816	0.033047442
3.714510278	-0.008688676	0.028713122	2.312029411	-0.008495487	0.033091183
3.721104415	-0.008215182	0.029465003	2.321405348	-0.008449026	0.033132078
3.730881212	-0.008278117	0.029327227	2.330778948	-0.008404357	0.03317033
3.739433326	-0.009258921	0.027885015	2.340150315	-0.00836144	0.033206122
3.748330202	-0.008358758	0.026095826	2.349519529	-0.008320204	0.033239624
3.756977754	-0.010321096	0.025154096	2.35888668	-0.008280603	0.033270995
3.766607666	-0.007465915	0.024916704	2.368251863	-0.008242577	0.033300385
3.774420227	-0.008905827	0.024807501	2.377615141	-0.008206063	0.033327926
3.781998394	-0.007285434	0.024680044	2.386976603	-0.008171023	0.033353743
3.790786862	-0.008355956	0.024914202	2.39633634	-0.008137374	0.033377967
3.800224949	-0.008827269	0.025559636	2.405694395	-0.008105098	0.033400683
3.807679391	-0.009634143	0.02613258	2.415050875	-0.008074101	0.033422021
3.814942329	-0.008664435	0.026619024	2.424405808	-0.008044376	0.033442045
3.824414652	-0.008600953	0.027095709	2.433759312	-0.008015829	0.033460873
3.834902213	-0.00936477	0.028091351	2.443111385	-0.007988453	0.033478552
3.840388534	-0.007937933	0.029299406	2.452462153	-0.007962165	0.03349519
3.851686104	-0.008227435	0.030987824	2.461811623	-0.007936953	0.033510829
3.858657787	-0.008664446	0.028624804	2.471159891	-0.007912744	0.033525555
3.869496818	-0.00839028	0.023885941	2.480506981	-0.007889522	0.033539412
3.877553232	-0.008486587	0.025045117	2.489852964	-0.007867227	0.033552467
3.88276316	-0.008001344	0.026723444	2.499197872	-0.007845832	0.033564764
3.893597527	-0.007630214	0.027914781	2.508541763	-0.007825293	0.033576357
3.902374412	-0.008711517	0.025884128	2.517884682	-0.007805577	0.033587288
3.910025774	-0.008876049	0.024306873	2.527226658	-0.007786651	0.033597597
3.920284474	-0.009235675	0.024129976	2.53656775	-0.007768478	0.033607328
3.925823547	-0.009515557	0.025102011	2.545907983	-0.007751031	0.033616512
3.937132669	-0.007546536	0.027680813	2.555247406	-0.007734275	0.033625187
3.945498891	-0.009290169	0.028333977	2.56458604	-0.007718186	0.03363338
3.955378485	-0.008087331	0.027543117	2.573923935	-0.00770273	0.033641126
3.963032995	-0.008792603	0.026834065	2.583261111	-0.007687887	0.033648448
3.972093359	-0.008696746	0.025718555	2.592597611	-0.007673624	0.033655374
3.980779732	-0.00828179	0.024000719	2.601933448	-0.007659924	0.033661925
3.988219745	-0.008744818	0.023391872	2.611268668	-0.007646756	0.033668127
3.997192219	-0.006955162	0.025418989	2.620603286	-0.007634104	0.033673999
			2.629937335	-0.007621939	0.033679561
			2.639270837	-0.007610248	0.033684831
			2.648603813	-0.007599006	0.033689827
			2.657936289	-0.007588196	0.033694563
			2.667268285	-0.0075778	0.033699056
			2.676599822	-0.0075678	0.033703319
			2.685930918	-0.00755818	0.033707365
			2.695261594	-0.007548924	0.033711207
			2.704591867	-0.007540017	0.033714856
			2.713921753	-0.007531445	0.033718323
			2.723251269	-0.007523193	0.033721618
			2.732580433	-0.007515248	0.033724752
			2.741909253	-0.0075076	0.033727731
			2.751237752	-0.007500232	0.033730566
			2.760565933	-0.007493138	0.033733263
			2.769893821	-0.007486301	0.033735831
			2.779221417	-0.007479717	0.033738276
			2.788548743	-0.007473369	0.033740605
			2.7978758	-0.007467254	0.033742824
			2.807202609	-0.007461357	0.033744939
			2.816529171	-0.007455674	0.033746955
			2.825855505	-0.007450191	0.033748879
			2.835181611	-0.007444906	0.033750713
			2.844507507	-0.007439806	0.033752464
			2.853833193	-0.007434888	0.033754135
			2.863158686	-0.00743014	0.03375573
			2.872483984	-0.00742556	0.033757254
			2.881809105	-0.007421138	0.03375871
			2.891134047	-0.00741687	0.0337601
			2.900458824	-0.007412749	0.03376143
			2.909783437	-0.007408769	0.033762701
			2.919107897	-0.007404926	0.033763917
			2.928432206	-0.007401213	0.033765079
			2.937756373	-0.007397626	0.033766192
			2.947080402	-0.00739416	0.033767257
			2.956404298	-0.00739081	0.033768277
			2.965728067	-0.007387572	0.033769253
			2.975051713	-0.007384442	0.033770188
			2.984375241	-0.007381415	0.033771084
			2.993698656	-0.007378488	0.033771943
			3.003021962	-0.007375657	0.033772766
			3.012345162	-0.007372919	0.033773555
			3.021668262	-0.007370269	0.033774312
			3.030991264	-0.007367705	0.033775038
			3.040314172	-0.007365223	0.033775734
			3.04963699	-0.007362821	0.033776403
			3.058959721	-0.007360496	0.033777044
			3.068282368	-0.007358244	0.033777661
			3.077604934	-0.007356063	0.033778252
			3.086927423	-0.007353951	0.033778821
			3.096249836	-0.007351905	0.033779367
			3.105572178	-0.007349923	0.033779892
			3.114894449	-0.007348002	0.033780397
			3.124216653	-0.007346141	0.033780882
			3.133538792	-0.007344337	0.033781348
			3.142860869	-0.007342588	0.033781797
			3.152182885	-0.007340892	0.033782228
			3.161504843	-0.007339248	0.033782644
			3.170826745	-0.007337654	0.033783044
			3.180148592	-0.007336107	0.033783428
			3.189470387	-0.007334607	0.033783799
			3.198792132	-0.00733315	0.033784156
			3.208113827	-0.007331738	0.033784499
			3.217435475	-0.007330367	0.033784831
			3.226757078	-0.007329037	0.03378515
			3.236078637	-0.007327745	0.033785457
			3.245400153	-0.007326491	0.033785754
			3.254721628	-0.007325273	0.03378604
			3.264043063	-0.00732409	0.033786315
			3.273364461	-0.007322941	0.033786581
			3.28268582	-0.007321826	0.033786838
			3.292007144	-0.007320741	0.033787085
			3.301328433	-0.007319688	0.033787324
			3.310649689	-0.007318664	0.033787555
			3.319970912	-0.007317669	0.033787777
			3.329292104	-0.007316701	0.033787992
			3.338613265	-0.007315761	0.0337882
			3.347934397	-0.007314847	0.0337884
			3.357255501	-0.007313958	0.033788594
			3.366576576	-0.007313093	0.033788781
			3.375897625	-0.007312252	0.033788962
			3.385218649	-0.007311434	0.033789137
			3.394539647	-0.007310638	0.033789306
			3.40386062	-0.007309864	0.033789469
			3.413181571	-0.00730911	0.033789627
			3.422502498	-0.007308377	0.03378978
			3.431823404	-0.007307663	0.033789928
			3.441144288	-0.007306968	0.033790071
			3.450465151	-0.007306291	0.033790209
			3.459785994	-0.007305633	0.033790343
			3.469106818	-0.007304991	0.033790473
			3.478427623	-0.007304366	0.033790599
			3.487748409	-0.007303758	0.03379072
			3.497069178	-0.007303165	0.033790838
			3.50638993	-0.007302587	0.033790952
			3.515710665	-0.007302024	0.033791063
			3.525031383	-0.007301476	0.03379117
			3.534352086	-0.007300941	0.033791273
			3.543672774	-0.00730042	0.033791374
			3.552993446	-0.007299912	0.033791471
			3.562314105	-0.007299417	0.033791566
			3.571634749	-0.007298935	0.033791657
			3.58095538	-0.007298464	0.033791746
			3.590275998	-0.007298005	0.033791832
			3.599596603	-0.007297558	0.033791916
			3.608917195	-0.007297121	0.033791997
			3.618237776	-0.007296695	0.033792075
			3.627558344	-0.00729628	0.033792151
			3.636878902	-0.007295874	0.033792226
			3.646199448	-0.007295479	0.033792297
			3.655519983	-0.007295093	0.033792367
			3.664840508	-0.007294716	0.033792435
			3.674161023	-0.007294348	0.033792501
			3.683481528	-0.007293989	0.033792564
			3.692802024	-0.007293639	0.033792626
			3.70212251	-0.007293296	0.033792687
			3.711442987	-0.007292962	0.033792745
			3.720763455	-0.007292636	0.033792802
			3.730083915	-0.007292317	0.033792857
			3.739404366	-0.007292006	0.033792911
			3.748724809	-0.007291702	0.033792963
			3.758045244	-0.007291405	0.033793014
			3.767365672	-0.007291115	0.033793063
			3.776686092	-0.007290831	0.033793111
			3.786006504	-0.007290554	0.033793158
			3.79532691	-0.007290283	0.033793203
			3.804647309	-0.007290019	0.033793247
			3.813967701	-0.00728976	0.03379329
			3.823288086	-0.007289507	0.033793332
			3.832608465	-0.00728926	0.033793372
			3.841928838	-0.007289018	0.033793412
			3.851249205	-0.007288782	0.03379345
			3.860569566	-0.007288551	0.033793488
			3.869889921	-0.007288325	0.033793524
			3.879210271	-0.007288104	0.033793559
			3.888530615	-0.007287888	0.033793594
			3.897850954	-0.007287677	0.033793628
			3.907171287	-0.00728747	0.03379366
			3.916491616	-0.007287267	0.033793692
			3.92581194	-0.007287069	0.033793723
			3.935132259	-0.007286876	0.033793753
			3.944452573	-0.007286686	0.033793783
			3.953772882	-0.007286501	0.033793812
			3.963093188	-0.007286319	0.03379384
			3.972413489	-0.007286141	0.033793867
			3.981733785	-0.007285967	0.033793893
			3.991054078	-0.007285797	0.033793919
			4.000374366	-0.00728563	0.033793944
			4.009694651	-0.007285467	0.033793969
			4.019014932	-0.007285307	0.033793993
			4.028335209	-0.007285151	0.033794016
			4.037655482	-0.007284997	0.033794039
			4.046975752	-0.007284847	0.033794061
			4.056296018	-0.0072847	0.033794083
			4.065616281	-0.007284556	0.033794104
			4.074936541	-0.007284415	0.033794125
			4.084256798	-0.007284277	0.033794145
			4.093577051	-0.007284141	0.033794165
			4.102897301	-0.007284008	0.033794184
			4.112217548	-0.007283878	0.033794203
			4.121537793	-0.007283751	0.033794221
			4.130858034	-0.007283626	0.033794239
			4.140178273	-0.007283503	0.033794256
			4.149498509	-0.007283383	0.033794273
			4.158818742	-0.007283266	0.03379429
			4.168138972	-0.00728315	0.033794306
			4.177459201	-0.007283037	0.033794322
			4.186779426	-0.007282927	0.033794337
			4.196099649	-0.007282818	0.033794352
			4.20541987	-0.007282711	0.033794367
			4.214740089	-0.007282607	0.033794381
			4.224060305	-0.007282504	0.033794395
			4.233380519	-0.007282404	0.033794409
			4.242700731	-0.007282305	0.033794422
			4.25202094	-0.007282208	0.033794435
			4.261341148	-0.007282114	0.033794448
			4.270661353	-0.007282021	0.033794461
			4.279981557	-0.007281929	0.033794473
			4.289301759	-0.00728184	0.033794485
			4.298621959	-0.007281752	0.033794497
			4.307942156	-0.007281666	0.033794508
			4.317262353	-0.007281581	0.033794519
			4.326582547	-0.007281498	0.03379453
			4.33590274	-0.007281416	0.033794541
			4.34522293	-0.007281336	0.033794551
			4.35454312	-0.007281258	0.033794561
			4.363863307	-0.007281181	0.033794571
			4.373183493	-0.007281105	0.033794581
			4.382503678	-0.007281031	0.033794591
			4.391823861	-0.007280958	0.0337946
			4.401144042	-0.007280886	0.033794609
			4.410464222	-0.007280816	0.033794618
			4.419784401	-0.007280747	0.033794627
			4.429104578	-0.007280679	0.033794635
			4.438424754	-0.007280613	0.033794644
			4.447744929	-0.007280547	0.033794652
			4.457065102	-0.007280483	0.03379466
			4.466385274	-0.00728042	0.033794668
			4.475705444	-0.007280358	0.033794676
			4.485025614	-0.007280297	0.033794683
			4.494345782	-0.007280237	0.03379469
			4.503665949	-0.007280178	0.033794698
			4.512986115	-0.007280121	0.033794705
			4.52230628	-0.007280064	0.033794712
			4.531626443	-0.007280008	0.033794718
			4.540946606	-0.007279954	0.033794725
			4.550266767	-0.0072799	0.033794731
			4.559586928	-0.007279847	0.033794738
			4.568907087	-0.007279795	0.033794744
			4.578227246	-0.007279744	0.03379475
			4.587547403	-0.007279694	0.033794756
			4.59686756	-0.007279644	0.033794762
			4.606187715	-0.007279596	0.033794768
			4.61550787	-0.007279548	0.033794773
			4.624828024	-0.007279501	0.033794779
			4.634148176	-0.007279455	0.033794784
			4.643468328	-0.00727941	0.03379479
			4.652788479	-0.007279365	0.033794795
			4.66210863	-0.007279321	0.0337948
			4.671428779	-0.007279278	0.033794805
			4.680748928	-0.007279236	0.03379481
			4.690069076	-0.007279194	0.033794814
			4.699389223	-0.007279153	0.033794819
			4.708709369	-0.007279113	0.033794824
			4.718029515	-0.007279073	0.033794828
			4.727349659	-0.007279034	0.033794833
			4.736669804	-0.007278996	0.033794837
			4.745989947	-0.007278958	0.033794841
			4.75531009	-0.007278921	0.033794845
			4.764630232	-0.007278884	0.03379485
			4.773950373	-0.007278848	0.033794854
			4.783270514	-0.007278813	0.033794857
			4.792590654	-0.007278778	0.033794861
			4.801910793	-0.007278744	0.033794865
			4.811230932	-0.00727871	0.033794869
			4.820551071	-0.007278677	0.033794872
			4.829871208	-0.007278644	0.033794876
			4.839191345	-0.007278612	0.03379488
			4.848511482	-0.007278581	0.033794883
			4.857831618	-0.00727855	0.033794886
			4.867151753	-0.007278519	0.03379489
			4.876471888	-0.007278489	0.033794893
			4.885792022	-0.007278459	0.033794896
			4.895112156	-0.00727843	0.033794899
			4.90443229	-0.007278401	0.033794902
			4.913752422	-0.007278373	0.033794905
			4.923072555	-0.007278345	0.033794908
			4.932392687	-0.007278317	0.033794911
			4.941712818	-0.00727829	0.033794914
			4.951032949	-0.007278264	0.033794917
			4.960353079	-0.007278238	0.03379492
			4.969673209	-0.007278212	0.033794922
			4.978993339	-0.007278186	0.033794925
			4.988313468	-0.007278161	0.033794928
			4.997633597	-0.007278137	0.03379493
			5.006953725	-0.007278112	0.033794933
			5.016273853	-0.007278089	0.033794935
			5.02559398	-0.007278065	0.033794938
			5.034914108	-0.007278042	0.03379494
			5.044234234	-0.007278019	0.033794942
			5.053554361	-0.007277996	0.033794945
			5.062874486	-0.007277974	0.033794947
			5.072194612	-0.007277952	0.033794949
			5.081514737	-0.007277931	0.033794951
			5.090834862	-0.00727791	0.033794953
			5.100154987	-0.007277889	0.033794955
			5.109475111	-0.007277868	0.033794957
			5.118795235	-0.007277848	0.03379496
			5.128115358	-0.007277828	0.033794962
			5.137435481	-0.007277808	0.033794963
			5.146755604	-0.007277789	0.033794965
			5.156075727	-0.00727777	0.033794967
			5.165395849	-0.007277751	0.033794969
			5.174715971	-0.007277732	0.033794971
			5.184036092	-0.007277714	0.033794973
			5.193356214	-0.007277696	0.033794975
			5.202676335	-0.007277678	0.033794976
			5.211996455	-0.007277661	0.033794978
			5.221316576	-0.007277643	0.03379498
			5.230636696	-0.007277626	0.033794981
			5.239956816	-0.007277609	0.033794983
			5.249276936	-0.007277593	0.033794985
			5.258597055	-0.007277576	0.033794986
			5.267917174	-0.00727756	0.033794988
			5.277237293	-0.007277544	0.033794989
			5.286557412	-0.007277529	0.033794991
			5.29587753	-0.007277513	0.033794992
			5.305197648	-0.007277498	0.033794994