lambda/a	a [mm]	<h> [mm]	slope k
9	0.002	3.78E-05	0.005190104
9	0.002	0.000397791	0.003017677
9	0.002	3.03E-05	0.005850484
9	0.002	7.39E-05	0.005611941
9	0.002	3.03E-05	0.006168944
9	0.002	2.83E-05	0.005830165
9	0.002	3.41E-05	0.006032239
9	0.002	9.61E-05	0.004154738
9	0.002	0.000718661	0.001610307
9	0.002	4.74E-05	0.005190155
9	0.002	0.000584801	0.001848037
9	0.002	0.000579963	0.002089991
9	0.002	0.000548585	0.002439505
9	0.002	0.000480813	0.002247708
9	0.002	0.000866697	0.001543001
9	0.002	0.000175649	0.003704469
9	0.002	6.78E-05	0.005631194
9	0.002	3.01E-05	0.006048829
9	0.002	0.0012203	0.000695852
9	0.002	0.000335507	0.003093812
9	0.002	0.000695339	0.002003892
9	0.002	0.001021847	0.000951214
9	0.002	0.001274006	0.000751862
9	0.002	0.000504895	0.002335782
9	0.002	0.000103736	0.005077661
9	0.002	0.000660563	0.001838028
9	0.002	4.09E-05	0.005450343
9	0.002	0.00039869	0.002499839
9	0.002	0.000103432	0.004866741
9	0.002	0.000420892	0.002705443
9	0.002	0.000384941	0.002807199
9	0.002	0.000135168	0.004086169
9	0.002	0.00016625	0.00442272
9	0.002	0.000547009	0.001877902
9	0.002	0.000138703	0.004602677
9	0.002	7.58E-05	0.005888187
9	0.002	0.000323328	0.002896604
9	0.002	0.000562317	0.002573936
9	0.002	0.000167212	0.004337879
9	0.002	0.000192985	0.003708647
9	0.002	0.000505369	0.002333845
6	0.002	4.77E-05	0.005945426
6	0.002	4.13E-05	0.004804531
6	0.002	3.00E-05	0.004961827
6	0.002	0.000207159	0.003467184
6	0.002	0.000194532	0.003604317
6	0.002	0.000197671	0.003395572
6	0.002	8.76E-05	0.004845324
6	0.002	0.0002885	0.002821901
6	0.002	0.000319352	0.002500253
6	0.002	0.000378711	0.002218972
6	0.002	0.00016699	0.003515648
6	0.002	5.94E-05	0.005038104
6	0.002	0.000687698	0.000984125
6	0.002	0.00072719	0.000869144
6	0.002	0.000262635	0.002831351
6	0.002	0.000661332	0.001326184
6	0.002	0.00049639	0.00157973
6	0.002	0.000268962	0.002701873
6	0.002	0.000773841	0.001043616
6	0.002	0.001658308	0.000253245
6	0.002	5.50E-05	0.005600984
6	0.002	0.000108917	0.004006265
6	0.002	0.000120222	0.003599873
6	0.002	0.000463077	0.002183904
6	0.002	0.000518292	0.001807087
6	0.002	0.000412747	0.001954825
6	0.002	0.000458199	0.001508192
6	0.002	0.000151329	0.003603198
6	0.002	0.000412038	0.002113358
6	0.002	0.000150212	0.00367624
6	0.002	0.000772271	0.00092558
6	0.002	8.31E-05	0.004882312
6	0.002	0.000739542	0.001003005
6	0.002	0.000557537	0.001606571
6	0.002	0.000475405	0.00204885
6	0.002	0.000242761	0.002863409
6	0.002	0.000529452	0.001835777
6	0.002	0.000559045	0.001134988
6	0.002	0.000160368	0.003612254
6	0.002	0.000594908	0.001444123
6	0.002	0.000512601	0.001950234
6	0.002	0.000352102	0.002513791
6	0.002	0.000279928	0.002683278
3	0.002	3.36E-05	0.008737308
3	0.002	0.000268132	0.001945272
3	0.002	0.000182631	0.003348257
3	0.002	0.000540073	0.000904394
3	0.002	0.000399392	0.001740763
3	0.002	6.86E-05	0.006300614
3	0.002	0.000391391	0.001373188
3	0.002	3.13E-05	0.008926123
3	0.002	0.000121565	0.004204425
3	0.002	0.000197372	0.002059058
3	0.002	0.000209743	0.002344547
3	0.002	0.000264727	0.002641046
3	0.002	0.000512315	0.001437436
3	0.002	4.27E-05	0.007792148
3	0.002	0.000220064	0.002218708
3	0.002	0.000151442	0.003537807
3	0.002	0.000199163	0.002807931
3	0.002	0.000349751	0.001722526
3	0.002	0.000438109	0.00112744
3	0.002	0.000405965	0.001222641
3	0.002	0.000102768	0.004877979
3	0.002	0.000471909	0.001173006
3	0.002	0.000197952	0.002803898
3	0.002	3.47E-05	0.008857192
3	0.002	0.000486207	0.000620901
3	0.002	0.000254276	0.002299659
3	0.002	0.000614294	0.000684708
3	0.002	0.000120689	0.004102805
3	0.002	0.000641191	0.00033687
3	0.002	0.001252656	0.00010527
3	0.002	0.00018998	0.003340695
3	0.002	0.000307798	0.001243636
3	0.002	8.08E-05	0.005508942
3	0.002	0.000400926	0.00098193
3	0.002	0.000689174	0.000243667
3	0.002	0.000505744	0.000899585
3	0.002	9.49E-05	0.004644315
3	0.002	9.41E-05	0.005099813
3	0.002	0.000568965	0.000939803
3	0.002	0.000631476	0.000536094
3	0.0015875	4.23E-05	0.006958481
3	0.0015875	5.61E-05	0.005940116
3	0.0015875	0.000210563	0.002278026
3	0.0015875	5.58E-05	0.005531548
3	0.0015875	6.57E-05	0.00490665
3	0.0015875	9.49E-05	0.00373752
3	0.0015875	4.08E-05	0.006238568
3	0.0015875	0.000401303	0.000818368
3	0.0015875	0.00037727	0.000790799
3	0.0015875	0.001060092	5.08E-05
3	0.0015875	0.000329499	0.000971868
3	0.0015875	4.40E-05	0.006185159
3	0.0015875	0.000736779	0.000274637
3	0.0015875	0.00027392	0.001377336
3	0.0015875	0.000246946	0.001584083
3	0.0015875	0.000246341	0.0013968
3	0.0015875	0.000220556	0.001653992
3	0.0015875	0.000290563	0.001188418
3	0.0015875	0.000146537	0.002555434
3	0.0015875	6.63E-05	0.004741606
3	0.0015875	6.78E-05	0.004607987
3	0.0015875	0.00037523	0.000877521
3	0.0015875	0.000718931	0.000231255
3	0.0015875	8.65E-05	0.004244846
3	0.0015875	0.000238429	0.001612592
3	0.0015875	3.89E-05	0.006384644
3	0.0015875	0.000112595	0.00339035
3	0.0015875	0.000187269	0.00210479
3	0.0015875	0.000564461	0.000460812
3	0.0015875	6.43E-05	0.005031215
3	0.0015875	0.000843366	8.02E-05
3	0.0015875	0.000465473	0.000736109
3	0.0015875	3.99E-05	0.006515102
3	0.0015875	0.000846308	0.000119512
3	0.0015875	0.000532436	0.000530838
3	0.0015875	0.000250349	0.001559345
3	0.0015875	6.36E-05	0.005187797
3	0.0015875	6.27E-05	0.005089948
3	0.0015875	5.18E-05	0.005875465
3	0.0015875	0.00046961	0.00059372
3	0.0015875	0.000226218	0.001902395
3	0.0015875	4.98E-05	0.005917087
3	0.0015875	0.000469359	0.000743598
3	0.0015875	0.000368209	0.000965917
3	0.0015875	0.000974904	9.06E-05
3	0.0015875	0.000378055	0.000639585
6	0.0015875	3.06E-05	0.00599739
6	0.0015875	3.40E-05	0.005228325
6	0.0015875	0.000981165	0.000510741
6	0.0015875	0.000252959	0.002631677
6	0.0015875	0.000788023	0.000824011
6	0.0015875	0.000444938	0.001372297
6	0.0015875	0.000244752	0.002342978
6	0.0015875	0.000477716	0.001572627
6	0.0015875	0.000326021	0.002094691
6	0.0015875	0.000119835	0.003547393
6	0.0015875	0.000974411	0.000559584
6	0.0015875	0.000418287	0.001619889
6	0.0015875	0.000750426	0.000715272
6	0.0015875	0.000129102	0.003462903
6	0.0015875	0.000587403	0.00107262
6	0.0015875	0.00032936	0.001835152
6	0.0015875	0.000781272	0.000950492
6	0.0015875	0.000648412	0.000899867
6	0.0015875	2.77E-05	0.005264485
6	0.0015875	0.000248862	0.002364761
6	0.0015875	0.001770925	4.81E-05
6	0.0015875	0.000574363	0.001264411
6	0.0015875	0.001744652	0.000189481
6	0.0015875	0.000503046	0.001219346
6	0.0015875	0.000412502	0.001693036
6	0.0015875	0.000546217	0.00136294
6	0.0015875	0.000232514	0.002441517
6	0.0015875	0.000179342	0.003116535
6	0.0015875	0.000255529	0.002334073
6	0.0015875	0.000276474	0.002195161
6	0.0015875	4.92E-05	0.004692396
6	0.0015875	0.001010052	0.000405147
6	0.0015875	0.000324309	0.002143582
6	0.0015875	0.001100274	0.000499885
6	0.0015875	0.000178377	0.002909523
6	0.0015875	0.000500214	0.001502062
6	0.0015875	0.000777322	0.000810603
6	0.0015875	0.000363655	0.001829606
6	0.0015875	0.000164788	0.003194743
6	0.0015875	0.001622472	0.000118358
6	0.0015875	0.001265701	0.000422405
6	0.0015875	4.96E-05	0.004517512
6	0.0015875	0.000391129	0.001879672
6	0.0015875	0.001315721	6.67E-05
9	0.0015875	4.02E-05	0.004140249
9	0.0015875	4.08E-05	0.004433221
9	0.0015875	0.000552249	0.001502291
9	0.0015875	0.000142102	0.003294923
9	0.0015875	0.00130506	0.000254563
9	0.0015875	0.000159607	0.003106951
9	0.0015875	0.000677871	0.00126991
9	0.0015875	0.000563307	0.001754787
9	0.0015875	0.000157472	0.003061233
9	0.0015875	0.000897416	0.001028746
9	0.0015875	0.000535293	0.00162279
9	0.0015875	0.000346593	0.002388766
9	0.0015875	0.000796442	0.000926039
9	0.0015875	0.000370058	0.002272037
9	0.0015875	4.57E-05	0.004754888
9	0.0015875	0.000677663	0.001386049
9	0.0015875	0.00020368	0.00289554
9	0.0015875	0.001103825	0.000642831
9	0.0015875	0.000411719	0.002033446
9	0.0015875	4.36E-05	0.00452234
9	0.0015875	0.000141351	0.003295527
9	0.0015875	0.000189841	0.003139416
9	0.0015875	0.000253389	0.002871975
9	0.0015875	0.000737921	0.00132457
9	0.0015875	0.000548248	0.001678421
9	0.0015875	0.000514419	0.001837031
9	0.0015875	0.000304875	0.00261357
9	0.0015875	4.43E-05	0.004437998
9	0.0015875	0.000432345	0.001901531
9	0.0015875	5.73E-05	0.003850449
9	0.0015875	0.000205398	0.003268399
9	0.0015875	0.001584749	0.000284665
9	0.0015875	0.000706096	0.001259432
9	0.0015875	0.000683188	0.001487958
9	0.0015875	0.000696957	0.001399752
9	0.0015875	0.000136269	0.003596019
9	0.0015875	6.28E-05	0.004229646
9	0.0015875	0.00069575	0.001545399
9	0.0015875	0.000242805	0.002868013
9	0.0015875	0.000279917	0.002443728
9	0.0015875	0.000242284	0.002790538
9	0.0015875	0.000956059	0.000909745
9	0.0015875	0.000912687	0.000645744
9	0.0015875	0.000278061	0.002570863