exp: a=1.6 x/lambda	exp: a=1.6 y/lambda	exp: a=2.0 x/lambda	exp: a=2.0 y/lambda	theory: x/lambda	theory: y/lambda
0.000287717	0.002110831	0.00176148	0.003427962	0	0
0.000335519	0.002388099	0.006989129	0.004555629	0.009306519	-2.05E-05
0.006771644	0.000637363	0.011916445	0.003370298	0.018614937	-2.18E-05
0.011798213	0.001079798	0.019750288	0.001164554	0.027927077	-4.24E-06
0.015450758	0.002313067	0.024736296	0.002320353	0.037244561	3.20E-05
0.020563002	0.000874486	0.029646344	0.00479691	0.046568811	8.65E-05
0.024621488	-0.000563236	0.034452926	0.001883607	0.055901055	0.000159031
0.026884346	0.000886412	0.041270938	0.002864278	0.065242334	0.000249032
0.032330693	0.002075267	0.046551786	0.003589763	0.074593504	0.000356069
0.037790211	0.002529757	0.052383663	0.004278589	0.083955247	0.000479619
0.042688319	0.003225908	0.059842886	0.004175901	0.093328081	0.000619117
0.047424668	0.000314241	0.064346098	0.002814196	0.102712363	0.000773957
0.051930004	0.001262115	0.069996235	0.005636422	0.112108304	0.000943489
0.054889533	0.000307937	0.075502238	0.004369489	0.121515974	0.00112703
0.059158414	0.001946859	0.081579701	0.004065095	0.130935316	0.001323857
0.064328786	0.002091048	0.086680405	0.004744955	0.140366149	0.001533213
0.068598285	0.000403311	0.093257413	0.004174669	0.149808181	0.001754309
0.07269301	-0.000107308	0.09733764	0.004871105	0.159261018	0.001986326
0.077219795	0.001449983	0.103780348	0.002348922	0.168724171	0.002228417
0.082376635	0.001158156	0.110854708	0.004372936	0.178197067	0.002479707
0.085946501	0.001165755	0.11564741	0.004402467	0.187679054	0.0027393
0.09120021	-0.000516709	0.123305906	0.004967464	0.197169414	0.003006276
0.093822886	0.001876737	0.126513067	0.002730766	0.206667366	0.003279697
0.098279303	0.001748696	0.133264063	0.005184718	0.216172078	0.003558609
0.103124253	0.001860155	0.139636775	0.003931402	0.225682674	0.003842041
0.10937246	0.002831458	0.144550541	0.005717015	0.23519824	0.004129013
0.113214378	0.002163161	0.150899505	0.004597331	0.244717832	4.42E-03
0.116347295	0.003658971	0.154814504	0.004917974	0.254240488	0.004709608
0.120384392	0.001956447	0.163451631	0.007035564	0.263765228	0.005001231
0.125722796	0.00181382	0.166987376	0.006573101	0.273291067	0.0052924
0.130760507	0.001674063	0.172853946	0.006328469	0.282817022	0.005582114
0.136109784	0.003230934	0.178879642	0.006388921	0.292342117	0.005869372
0.139260635	0.002999123	0.185299577	0.008115611	0.301865391	0.006153182
0.145127205	0.002581821	0.189195758	0.005235543	0.311385908	0.006432559
0.149833975	0.003291025	0.196323614	0.006920368	0.320902762	0.00670653
0.152486747	0.001794778	0.201766721	0.007406905	0.330415084	0.006974134
0.158830518	0.003411376	0.209050416	0.007774398	0.339922051	0.00723443
0.16165022	0.004266626	0.213499967	0.005494269	0.349422895	0.007486491
0.167154619	0.001437512	0.220107167	0.006553523	0.358916909	0.007729414
0.171229411	0.003223898	0.227387288	0.006280461	0.368403453	0.007962319
0.173418173	0.004006112	0.231378802	0.007186654	0.377881966	0.008184352
0.17709826	0.001371989	0.23704321	0.007994419	0.387351972	0.008394686
0.184846518	0.003452659	0.242243572	0.008059661	0.396813088	0.008592525
0.188693082	0.003642089	0.248815349	0.008045391	0.406265033	0.008777107
0.192519857	0.003713933	0.253349292	0.008263937	0.415707636	0.008947703
0.197418841	0.004077878	0.26022727	0.00842822	0.425140844	0.009103621
0.201233292	0.004102981	0.266094637	0.008153428	0.434564731	0.009244209
0.206023423	0.004189722	0.27204989	0.010410187	0.443979507	0.009368855
0.211348139	0.006449504	0.276060776	0.006080509	0.453385522	0.009476989
0.213547689	0.005461874	0.28159972	0.007782772	0.462783281	0.009568088
0.220413306	0.004720692	0.289352261	0.008002331	0.472173445	0.009641673
0.223532794	0.0060086	0.291452845	0.00999213	0.48155684	0.009697315
0.228181681	0.00565616	0.298906965	0.008975393	0.490934464	0.009734636
0.232156861	0.004477179	0.304909822	0.00614601	0.50030749	0.009753307
0.236672444	0.003898119	0.310822122	0.008090626	0.509677271	0.009753056
0.242236543	0.004710244	0.317147235	0.009408367	0.519045341	0.009733664
0.24561351	0.006464186	0.32264197	0.011108425	0.528413414	0.009694972
0.250479501	0.006104533	0.32805222	0.010171691	0.53778338	0.009636878
0.256625242	0.0039221	0.333223505	0.011199545	0.547157299	0.009559342
0.261702966	0.004371779	0.339611469	0.009174576	0.556537391	0.009462387
0.263864247	0.004808553	0.34542658	0.011033352	0.565926014	0.009346102
0.265224602	0.006164531	0.349166988	0.010277248	0.57532565	0.009210641
0.27248616	0.006097255	0.356900183	0.011544655	0.584738871	0.009056229
0.279720763	0.008703926	0.359981993	0.010042741	0.594168301	0.00888316
0.283394824	0.005523709	0.366769392	0.011521244	0.603683257	0.008680284
0.287107168	0.0072846	0.373225698	0.010406297	0.613204437	0.008458928
0.290848147	0.007393557	0.378528661	0.009990593	0.622734442	0.008219765
0.294807984	0.006228712	0.385079199	0.010899041	0.632275747	0.00796354
0.301539796	0.005406564	0.39315949	0.011667541	0.641830628	0.007691067
0.302250581	0.007376788	0.397563362	0.010809836	0.651401093	0.007403229
0.309243291	0.008558696	0.401906218	0.01143372	0.660988808	0.007100974
0.31292598	0.008559976	0.407772762	0.013451117	0.670595017	0.006785314
0.318028537	0.006344848	0.415289592	0.009560574	0.68022048	0.006457326
0.321222244	0.007224834	0.419167145	0.011435452	0.689865407	0.006118142
0.326890308	0.007256798	0.425254523	0.009433499	0.699529415	0.005768952
0.333222069	0.007406567	0.431467908	0.011163833	0.709211499	0.005410998
0.333812976	0.00853624	0.437869953	0.011780612	0.718910029	0.005045568
0.340780913	0.008084162	0.442137709	0.011241919	0.728622768	0.004673992
0.344599718	0.007823776	0.448129362	0.011540948	0.738346927	0.004297634
0.3493609	0.008357971	0.453297749	0.011683003	0.748079245	0.003917886
0.354186173	0.008228929	0.459934876	0.011275255	0.757816094	0.003536161
0.357686948	0.009422485	0.465039002	0.011395157	0.767553606	0.003153885
0.362795615	0.008224147	0.470600979	0.011204438	0.777287823	0.002772486
0.367145474	0.008479539	0.476991447	0.0112371	0.787014844	0.002393387
0.372607074	0.010742899	0.481863992	0.010765603	0.79673097	0.002018
0.372938467	0.010982237	0.48921675	0.01133802	0.806432849	0.001647713
0.379445638	0.008501067	0.492999918	0.012880492	0.816117584	0.001283887
0.383450093	0.008414116	0.50011815	0.010318505	0.825782831	0.000927843
0.387803827	0.011017416	0.505248366	0.011505148	0.835426862	0.000580863
0.392599853	0.010681771	0.510055194	0.011512573	0.845048594	0.000244176
0.397702987	0.01057898	0.516015602	0.011303622	0.8546476	-8.10E-05
0.402628402	0.008837121	0.522850299	0.011199648	0.864224083	-0.000393663
0.407659587	0.010625445	0.527885406	0.009194331	0.873778834	-0.000692636
0.412314045	0.010554724	0.534528689	0.011121506	0.883313177	-0.000976963
0.414411678	0.009629696	0.539440973	0.010967038	0.892828894	-0.001245715
0.420573207	0.008719005	0.545186126	0.00884987	0.902328148	-0.001498033
0.426785342	0.010953287	0.551549012	0.013675053	0.911813405	-0.001733129
0.427115471	0.010691137	0.556862202	0.010305957	0.921287357	-0.001950287
0.431973788	0.010400594	0.56250837	0.009052046	0.930752843	-0.002148866
0.436562665	0.010772368	0.567720642	0.011556284	0.940212789	-0.002328298
0.441346608	0.010707573	0.573176312	0.011195049	0.949587754	-0.002478414
0.446263292	0.010315822	0.579505141	0.010431496	0.958948183	-0.002609488
0.44903259	0.009700143	0.584045802	0.0093557	0.968296912	-0.00272132
0.453790716	0.008095364	0.590777692	0.010293839	0.977636684	-0.002813776
0.46016178	0.011756096	0.595728902	0.011136864	0.986970114	-0.002886793
0.465964387	0.010449206	0.601574753	0.010827786	0.996299667	-0.002940371
0.467781921	0.009396014	0.60915639	0.009121281	1.005627637	-0.002974571
0.471013583	0.010862827	0.614697176	0.010586758	1.014956136	-0.002989515
0.475663558	0.010362239	0.620393959	0.00977126	1.024287088	-0.002985384
0.48249696	0.010932832	0.625002228	0.007172895	1.033622222	-0.002962413
0.48558	0.010535355	0.628631327	0.010905835	1.042963072	-0.002920893
0.48886002	0.010585867	0.63785665	0.009875415	1.05231098	-0.002861169
0.49293648	0.010818702	0.641975579	0.009057527	1.061667101	-0.002783632
0.500627443	0.010690829	0.64657198	0.008519404	1.071032403	-0.002688727
0.505606758	0.010343288	0.654119151	0.006707808	1.080407681	-0.002576942
0.507060089	0.010467061	0.658539073	0.009202089	1.089793559	-0.002448813
0.512525208	0.011619526	0.665285658	0.008942747	1.099190498	-0.002304919
0.515376208	0.010421944	0.668610313	0.008091713	1.10859881	-0.002145879
0.52238372	0.011344368	0.676979329	0.009434481	1.118018661	-0.001972355
0.524956778	0.010377402	0.682092579	0.006896919	1.127450083	-0.001785044
0.531251051	0.009554953	0.688608141	0.006843636	1.136892981	-0.001584681
0.53702483	0.010613199	0.693204781	0.007480478	1.146347145	-0.001372034
0.539172641	0.010425853	0.697940745	0.005984233	1.155812254	-0.001147903
0.544361159	0.010461823	0.704949617	0.00510383	1.16528789	-0.000913117
0.548688162	0.008122726	0.712019198	0.006799037	1.174773543	-0.000668536
0.554542539	0.010093695	0.715692968	0.006689267	1.184268623	-0.000415041
0.557543481	0.009457368	0.720944339	0.006959826	1.193772463	-0.00015354
0.56164899	0.009763349	0.727568779	0.005118668	1.203284333	0.00011504
0.564175926	0.010129562	0.734530577	0.00594918	1.212803444	0.000389754
0.569018087	0.010001531	0.739855285	0.005335776	1.222328957	0.00066964
0.574110749	0.010111916	0.744097366	0.00638688	1.231859993	0.000953722
0.578948226	0.010405391	0.750612958	0.004319778	1.241395638	0.001241013
0.583831449	0.010459448	0.758115617	0.004750407	1.25093495	0.00153052
0.587235844	0.007214584	0.762348399	0.005262664	1.260476969	0.001821239
0.590727999	0.010529103	0.765940831	0.006657436	1.270020725	0.002112168
0.594705487	0.007799725	0.773039163	0.006523833	1.279565241	0.0024023
0.600080971	0.007928254	0.777819848	0.004334987	1.289109547	0.002690632
0.604961726	0.009733399	0.783503258	0.005388279	1.29865268	0.002976164
0.60982282	0.008444537	0.788268022	0.003900051	1.308193697	0.003257905
0.613378993	0.010123347	0.796242696	0.002837503	1.317731681	0.003534871
0.618351303	0.007284722	0.80101999	0.002542998	1.327265748	0.003806091
0.621528387	0.009417282	0.806588046	0.002601627	1.336795053	0.004070611
0.625381921	0.009758693	0.813552862	0.00241784	1.3463188	0.00432749
0.63030934	0.008929946	0.817064429	0.003010776	1.355836251	0.004575809
0.637417062	0.010104639	0.82308648	0.001010049	1.365346729	0.004814672
0.640259732	0.00658726	0.829934985	0.002468694	1.374849629	0.005043205
0.646551965	0.009238372	0.835909054	0.002344646	1.384344426	0.005260563
0.647735049	0.005328648	0.841538709	0.00249328	1.393830684	5.47E-03
0.654569568	0.004019158	0.846986937	0.001001927	1.40330806	0.005658518
0.657578337	0.004999472	0.853292663	0.00046582	1.412776316	0.005837578
0.661884503	0.006134537	0.858100063	0.002441002	1.422235326	0.006002393
0.667037317	0.007472764	0.86472965	0.002440878	1.431685084	0.006152285
0.67124424	0.006405962	0.868290077	0.002176564	1.441125713	0.006286615
0.675098416	0.005016973	0.874969526	0.003785877	1.450557471	0.006404787
0.679359298	0.005849415	0.881180807	0.002196742	1.459980761	0.006506249
0.685390584	0.007770257	0.885730802	0.001912846	1.469396137	0.006590492
0.687973773	0.002713967	0.893032276	0.002506112	1.478804312	0.006657059
0.691488984	7.30E-03	0.895666351	0.000569003	1.48820616	0.006705539
0.696767047	0.007126176	0.903331015	0.001650933	1.497602729	0.006735574
0.702401265	7.01E-03	0.909555569	0.002282428	1.506995238	0.006746857
0.705567585	0.006860045	0.915188009	0.00057366	1.516385081	0.006739138
0.711476567	0.004930024	0.919968481	0.00350359	1.525773828	0.006712223
0.716239007	0.00492228	0.928189143	-0.001018354	1.535163224	0.006665976
0.723276088	0.003420839	0.932946286	0.000317879	1.544555179	0.006600323
0.727089646	0.004613062	0.938697518	0.00023879	1.553951765	0.006515251
0.730993203	0.004961022	0.942759856	0.000932327	1.563355198	0.00641081
0.735957105	0.004945571	0.948093146	0.000184008	1.572767819	0.00628712
0.740594225	0.005063185	0.956113359	0.000131219	1.582192074	0.006144364
0.745666576	0.004750761	0.960829698	0.000253111	1.591630476	0.005982801
0.750429429	0.004896905	0.967699629	-0.000161477	1.601085571	0.005802757
0.755690397	0.005201157	0.972073975	0.000389823	1.610627478	0.00559268
0.760521011	0.005020354	0.976797267	0.001848182	1.620176078	0.005364385
0.76279012	0.003734831	0.982902544	0.000245805	1.629733845	5.12E-03
0.767176229	0.004995088	0.988352964	0.001593994	1.639303101	0.004856034
0.770211322	0.002473268	0.993254252	-0.00089824	1.648885947	0.004577602
0.775181402	0.003523299	0.998794403	0.000199033	1.658484188	0.004284197
0.780349902	0.003324745	1.005360283	0.000461113	1.668099264	0.003976798
0.783949138	0.004031459	1.012388828	-0.000182208	1.677732182	0.00365645
0.789250924	0.003084945	1.014907034	-0.001154714	1.687383453	0.003324257
0.792149327	0.002103503	1.022398427	0.000702428	1.697053042	0.002981382
0.798853737	0.002839814	1.029915263	3.94E-05	1.706740328	0.002629041
0.801870898	0.000806076	1.033951817	0.000514933	1.716444091	0.002268498
0.806827809	-0.000427239	1.041348772	-0.000237214	1.72616252	0.001901061
0.811843546	0.003885684	1.045225043	-0.000657746	1.735893248	0.001528077
0.813865423	0.002415633	1.051786962	0.001721761	1.745633412	0.001150924
0.817207221	0.001724999	1.057301367	0.000970644	1.755379743	0.000771005
0.823722834	-0.000338521	1.062739621	0.001646609	1.765128678	0.00038974
0.828777654	0.004655105	1.068574368	6.38E-05	1.774876489	8.56E-06
0.831287844	0.001495412	1.074449721	-0.000218783	1.784619423	-0.000371115
0.834119674	0.000828958	1.082136678	-0.000377871	1.794353847	-0.000747856
0.838873045	0.002128638	1.085722225	-0.000496334	1.804076381	-0.001120262
0.845211273	0.00169759	1.091627994	-0.001239172	1.813784023	-0.001486956
0.848333759	0.002127589	1.099220813	0.001890818	1.823474251	-0.001846593
0.852736489	0.000372403	1.105436823	-0.000164344	1.833145095	-0.002197865
0.857985702	-0.000234094	1.111061555	0.001682194	1.842795192	-0.002539513
0.865418006	0.000653251	1.115302882	0.001060265	1.852423802	-0.002870328
0.868178518	-0.000356012	1.120505673	-0.000395197	1.862030801	-0.003189155
0.873059435	-0.000627581	1.128431784	0.001701284	1.871616658	-0.003494899
0.873634425	-0.001327037	1.132273083	0.00131506	1.881182384	-0.003786525
0.877978167	-0.000470911	1.138391724	0.000242098	1.890729472	-0.004063066
0.884250525	1.83E-06	1.145305882	0.001680929	1.900259825	-0.004323621
0.890094393	-0.00047226	1.149018465	0.003077458	1.909775685	-0.00456736
0.892728138	-0.000498832	1.15561526	0.001849557	1.919279549	-0.004793526
0.898841881	0.000926297	1.16146561	0.001458317	1.928774106	-0.005001436
0.902771377	-0.000701941	1.16680053	0.000908641	1.938262162	-0.005190478
0.904969865	-0.000710167	1.171970836	0.00119203	1.94766466	-0.005349896
0.910104916	-0.001578469	1.177397085	0.005275652	1.957051649	-0.005490434
0.914831407	-0.00155147	1.182058236	0.001416439	1.966425911	-0.005611854
0.919605417	0.000638256	1.188647058	0.001417244	1.97579016	-0.005713983
0.923279964	-0.000155875	1.192951709	0.002635853	1.985147007	-0.005796722
0.929075578	-0.001741228	1.200217339	0.001596746	1.994498929	-0.005860033
0.930367707	-0.001699263	1.20602612	0.00323696	2.003848254	-0.005903945
0.936728584	-0.000613504	1.2137493	0.003464882	2.013197137	-0.005928548
0.941461675	-0.000370785	1.219537002	0.003947373	2.022547556	-0.005933991
0.944960871	-0.002283034	1.223324918	0.005475197	2.0319013	-0.00592048
0.949413847	-6.37E-07	1.229400401	0.004983801	2.041259972	-0.005888278
0.951572888	-0.000905591	1.235960368	0.003773744	2.050624985	-0.005837701
0.956666165	-0.003073898	1.239961768	0.005199164	2.059997566	-0.005769118
0.961588768	-0.002038843	1.24686584	0.005253653	2.069378759	-0.005682946
0.96666078	-0.002311646	1.251707954	0.003748018	2.078769432	-0.005579652
0.971029066	-0.001130567	1.25827774	0.004179334	2.088170283	-0.00545975
0.977108223	-0.002944542	1.264263922	0.004860014	2.097581846	-0.005323798
0.980622552	-0.000487267	1.269254339	0.004736761	2.107004502	-0.005172396
0.985237238	-0.002027243	1.27635677	0.004488898	2.116438485	-0.005006186
0.990948503	-0.002343421	1.280913038	0.005774339	2.125883892	-0.004825849
0.993836217	-0.002716984	1.287383408	0.007005411	2.135340691	-0.004632104
0.996575791	8.92E-05	1.291109915	0.006767746	2.144808727	-0.004425703
1.001789894	-0.001148527	1.298972501	0.006621427	2.154287739	-0.004207434
1.006139835	-0.002844615	1.304510161	0.005720349	2.163777358	-0.003978113
1.011489417	-0.003250773	1.309934141	0.008026899	2.173277125	-0.003738587
1.017583779	-0.001060551	1.31656399	0.007237337	2.182786493	-0.003489729
1.02012044	-0.001096332	1.322388017	0.006671265	2.192304837	-0.003232437
1.024603831	-0.002110119	1.328075994	0.006996124	2.201831464	-0.002967629
1.029842455	-0.000826448	1.333428211	0.007133668	2.211365622	-0.002696246
1.034802898	-0.001134883	1.337775251	0.006876351	2.220906502	-0.002419243
1.03714242	-0.001498979	1.344645472	0.007294176	2.230453252	-0.002137593
1.039501225	-0.000861482	1.349077316	0.007646866	2.240004982	-0.001852278
1.045341346	-0.002779722	1.355326697	0.006806115	2.249560771	-0.001564292
1.051802222	-0.001318769	1.362768163	0.006595743	2.259119678	-0.001274635
1.054601494	-0.001109586	1.366999173	0.006817552	2.268680745	-0.000984314
1.059190876	-0.001473249	1.374470048	0.00638043	2.278243006	-0.000694334
1.06363093	-0.003009106	1.378756196	0.008167285	2.287805498	-0.000405703
1.069089989	-0.00222708	1.384639452	0.00653352	2.297367263	-0.000119424
1.071620373	-0.000882657	1.389738951	0.008031189	2.306927357	0.000163506
1.076293808	-0.002054292	1.395879118	0.006234437	2.316484861	0.000442096
1.083616882	-0.000914515	1.401194524	0.008845583	2.326038882	0.000715369
1.083787013	-0.001345231	1.406433964	0.007986115	2.335588568	0.000982361
1.088757324	-0.001244126	1.413283809	0.008285009	2.345133109	0.001242123
1.093592262	-0.000985856	1.418949315	0.008243612	2.354671747	0.001493724
1.098623704	-0.001246883	1.423427552	0.008222843	2.364203786	0.001736257
1.102011973	-0.002650742	1.430551303	0.009104152	2.373728596	0.001968837
1.106217765	-0.001199504	1.437678278	0.008446726	2.383245624	0.002190603
1.111482783	0.000464353	1.440604652	0.006146615	2.392754398	0.002400726
1.11803498	-0.001059755	1.447365459	0.008739615	2.402254541	0.002598405
1.120539243	-0.001290824	1.454155165	0.008551048	2.411745771	0.002782873
1.123144778	-0.001265412	1.459060692	0.008189865	2.421227919	0.002953396
1.130181096	-0.001100187	1.465383474	0.009078898	2.430700926	0.003109281
1.135103556	-0.001522302	1.46926714	0.007376645	2.440164859	0.00324987
1.138029407	-0.001142049	1.474985465	0.007759383	2.449619918	0.003374549
1.143737791	0.001143649	1.480118858	0.008362564	2.45906644	0.003482747
1.145773424	0.00029826	1.487173945	0.008311359	2.468504907	0.003573937
1.152641212	-0.001277267	1.492594746	0.007250812	2.477935956	0.00364764
1.156243195	0.000879539	1.498322519	0.007446118	2.487360382	0.003703426
1.162250006	-0.001385539	1.502970659	0.007397926	2.496779145	0.003740915
1.165541554	0.000264693	1.510336188	0.006196738	2.506193372	0.003759781
1.170575253	0.001244376	1.515439634	0.008448773	2.515604361	0.003759751
1.172448063	-0.000545011	1.521460908	0.006665636	2.525013581	0.00374061
1.176940619	0.001143656	1.526985177	0.007968277	2.53442267	0.0037022
1.182100647	0.001004024	1.531949909	0.007515984	2.543833434	0.003644423
1.18715455	-0.000478379	1.536902643	0.007361234	2.553247831	0.003567244
1.191642247	-0.001263494	1.543231796	0.006092186	2.562667968	0.003470691
1.193024549	0.001149395	1.54698004	0.006248655	2.572096078	0.003354858
1.198905256	0.002108188	1.554276914	0.007978683	2.581534499	0.003219907
1.202751284	0.000230326	1.560769043	0.004092808	2.590985647	0.003066069
1.209385355	0.00141599	1.564685244	0.006057637	2.600451977	0.002893647
1.211483692	0.003246363	1.570823055	0.006986505	2.609935945	0.002703019
1.216062422	0.003207946	1.576775373	0.007280164	2.619506181	0.002482188
1.221111709	0.001032226	1.585566469	0.004763118	2.629084006	0.002243559
1.22589577	0.003284906	1.590968298	0.006335816	2.638671727	0.001987881
1.228834955	4.46E-05	1.593743675	0.006025327	2.648271461	0.001715975
1.234154294	0.00175433	1.599514936	0.005989826	2.657885067	0.001428731
1.240074709	-0.000402068	1.606922367	0.007571396	2.667514072	0.00112711
1.244081015	0.001452974	1.611126623	0.005739935	2.677159613	0.000812136
1.248967059	0.001623662	1.619062952	0.004275694	2.686822366	0.000484898
1.250516612	0.003848683	1.622809135	0.004011786	2.696502499	0.000146543
1.2579761	0.002124948	1.629128639	0.005573497	2.706199627	-0.000201729
1.261341573	0.0008568	1.634304345	0.00500945	2.7159128	-0.000558667
1.265137296	0.000925452	1.638878209	0.006451951	2.725640493	-0.000922973
1.271388351	0.002713418	1.645151847	0.003933044	2.735380638	-0.001293311
1.274966935	0.003033455	1.650892017	0.005256943	2.745130672	-0.001668312
1.277617329	0.001979949	1.655460092	0.005946615	2.754887614	-0.002046578
1.28286086	0.001583244	1.663110078	0.003791112	2.764648162	-0.002426693
1.286536789	0.001395163	1.667447252	0.002704971	2.774408817	-0.002807229
1.29247872	0.002956671	1.674982386	0.005800752	2.784166007	-0.003186756
1.297322453	0.003178481	1.680137423	0.004037334	2.793916226	-0.003563848
1.299289232	0.00294167	1.686745997	0.001673107	2.803656168	-0.003937092
1.304733696	0.002092423	1.690513574	0.001943788	2.813382846	-0.004305101
1.310612293	0.004644089	1.698270334	0.003711426	2.823093697	-0.004666513
1.312302588	0.00324624	1.701050526	0.002703338	2.832786665	-0.005020005
1.318991255	0.002931108	1.709348514	0.003410826	2.842460257	-0.005364297
1.322333447	0.004633301	1.714619675	0.003726898	2.85211357	-0.005698159
1.326728168	0.00275661	1.719710048	0.002802628	2.861746298	-0.006020414
1.331434003	0.003114064	1.724413829	0.002992949	2.871358711	-0.006329945
1.33334923	0.004937249	1.733275448	0.001680708	2.880951618	-0.006625694
1.341997829	0.003593113	1.73654257	0.002912981	2.890526315	-0.00690667
1.344048548	0.003896031	1.743136809	0.003711243	2.900084516	-0.007171949
1.348942961	0.005526902	1.74859022	0.001919542	2.90962829	-0.007420674
1.355279591	0.006297881	1.7544313	0.00190783	2.919159988	-0.007652061
1.358430261	0.005649689	1.758632793	0.001567211	2.928682165	-0.007865396
1.363192782	0.005509535	1.765324771	-0.000909361	2.93819752	-0.008060039
1.367272409	0.005426146	1.770066748	0.002284973	2.947624945	-0.008224811
1.370586112	0.00383609	1.776237225	0.000721969	2.957036537	-0.008370829
1.375712238	0.003968178	1.781490033	-0.000294965	2.966434998	-0.008497826
1.378320779	0.007482292	1.788701301	0.000151277	2.975822985	-0.008605607
1.384979233	0.003919723	1.793248711	-0.000501934	2.985203067	-0.008694045
1.38817116	0.006448032	1.800646846	-0.000346351	2.994577697	-0.008763083
1.394126533	0.00547464	1.804857158	-0.000572292	3.00394919	-0.008812727
1.396026732	0.006303423	1.809738713	-0.000175031	3.013319702	-0.008843044
1.401198103	0.005598081	1.817041018	-0.001042114	3.022691219	-0.008854166
1.405976324	0.005787214	1.822317738	-0.000277516	3.03206555	-0.008846279
1.40893267	0.005469175	1.828063276	-0.00148615	3.041444319	-0.008819629
1.416391985	0.005230676	1.833745013	-0.000411054	3.050828968	-0.008774515
1.418685445	0.007428573	1.837778376	-0.002483909	3.060220757	-0.00871129
1.423509272	0.005039414	1.84598972	-3.72E-05	3.069620764	-0.008630357
1.429027614	0.008270597	1.851382137	-0.002420326	3.079029895	-0.008532169
1.431849935	0.004998009	1.85560723	-0.001783458	3.088448885	-0.008417226
1.436608829	0.007500705	1.863008704	-0.002397838	3.097878308	-0.008286074
1.441436581	0.005102607	1.867123833	-0.002159146	3.107318582	-0.008139303
1.445067236	0.007212304	1.872835246	-0.002611591	3.116769981	-0.007977542
1.451458643	0.007677327	1.877446918	-0.003617606	3.126232638	-0.007801465
1.452690153	0.005096092	1.884350431	-0.002555868	3.135706558	-0.007611779
1.458765285	0.006375997	1.890353346	-0.000777251	3.145191623	-0.00740923
1.461626378	0.007593968	1.897239613	-0.002811412	3.154687603	-0.007194598
1.466420435	0.00747591	1.90182113	-0.00104868	3.164194165	-0.006968691
1.471187048	0.007397146	1.90625859	-0.001722288	3.173710877	-0.006732352
1.475882856	0.007562698	1.913392384	-0.002862289	3.183237224	-0.006486447
1.480997157	0.00497997	1.918301002	-0.003403325	3.192772609	-0.00623187
1.485708618	0.007515334	1.924584666	-0.003977078	3.202316364	-0.005969537
1.48972729	0.00793998	1.930023516	-0.000780659	3.211867759	-0.005700383
1.493616023	0.008868954	1.934747428	-0.002891122	3.221426009	-0.005425363
1.495533164	0.009837432	1.941690274	-0.002023225	3.230990282	-0.005145445
1.502956469	0.007315118	1.946567879	-0.00292451	3.240559706	-0.004861614
1.505287491	0.007218667	1.954267211	-0.002950934	3.250133378	-0.004574861
1.511722402	0.007492069	1.958414674	-0.005068434	3.25971037	-0.004286189
1.515054652	0.007093608	1.963901193	-0.003103628	3.269289737	-0.003996602
1.517930028	0.007180828	1.967758239	-0.003583835	3.278870526	-0.003707111
1.524913253	0.00724303	1.975330284	-0.003050541	3.288451781	-0.003418724
1.52499437	0.007221923	1.981356684	-0.003095044	3.298032553	-0.003132447
1.532014884	0.007268965	1.986028801	-0.0024796	3.307611902	-0.002849282
1.537511783	0.008040096	1.992847375	-0.002646572	3.317188913	-0.002570221
1.540679221	0.005125384	1.998841842	-0.003204111	3.326762697	-0.002296249
1.547073077	0.006446063	2.000873152	-0.003427105	3.336332398	-0.002028334
1.549558953	0.006889055	2.010470373	-0.004103865	3.345897206	-0.001767431
1.554293722	0.007530091	2.015919393	-0.002406698	3.355456359	-0.001514476
1.560747489	0.005498057	2.021372108	-0.002597801	3.365009153	-0.001270384
1.564691877	0.004720516	2.025684703	-0.003320916	3.374554951	-0.001036048
1.566918842	0.007141634	2.033170203	-0.004391728	3.384093188	-0.000812333
1.572249273	0.007236061	2.039361962	-0.003079232	3.393623379	-0.000600079
1.575263541	0.004886158	2.044214224	-0.004631649	3.403145131	-0.000400095
1.580685996	0.005142643	2.0495278	-0.003015407	3.412658146	-0.000213156
1.581999244	0.003328637	2.055135273	-0.003409004	3.42216223	-4.00E-05
1.588837171	0.006923781	2.060386652	-0.001808014	3.431657303	0.000118658
1.593617336	0.00440073	2.067830298	-0.001984657	3.441143405	0.000262164
1.598495108	0.007388646	2.07180313	-0.002879868	3.450620703	0.000389889
1.60362109	0.006974869	2.077214888	-0.003845902	3.460089502	0.000501252
1.605886732	0.00752357	2.085588518	-0.001620671	3.469550247	0.000595718
1.612059945	0.007483251	2.089249377	-0.001626637	3.479003534	0.000672798
1.614949691	0.004949844	2.096545182	-0.004252935	3.488450111	0.000732051
1.617667265	0.005284058	2.101675986	-0.003569057	3.497890889	0.000773089
1.62549683	0.004472376	2.108240112	-0.001623115	3.507326941	0.000795574
1.627927359	0.002200101	2.113309131	-0.003526845	3.516759507	0.000799225
1.633068063	0.004844057	2.118383722	-0.002489534	3.526189993	0.000783815
1.635301879	0.001979424	2.125100333	-0.002582348	3.535619969	0.000749179
1.640330991	0.004483889	2.129670815	-0.001413274	3.545051168	0.000695207
1.644917255	0.00516928	2.135746028	0.001187059	3.554485474	0.000621856
1.647705601	0.004463173	2.141783062	-0.000988117	3.563924911	0.000529142
1.652944692	0.00364012	2.146663407	-0.000960583	3.573371631	0.000417152
1.658663379	0.004598403	2.151883998	-0.001414689	3.582827885	0.000286036
1.663454809	0.004368586	2.158963427	-0.001376483	3.592296004	0.000136018
1.667425533	0.005459087	2.164083088	-0.001539026	3.601778357	-3.26E-05
1.671548694	0.003247069	2.169961463	-0.001804606	3.611277318	-0.000219481
1.676899726	0.004372672	2.175324325	0.000401247	3.620795208	-0.000424151
1.679805801	0.003280935	2.180707078	0.000108672	3.630397207	-0.00065916
1.684849627	0.003743226	2.188154576	-0.001012605	3.640007992	-0.000911355
1.688186765	0.003851234	2.192601163	0.000267208	3.649629643	-0.001179925
1.693703876	0.003441147	2.200009141	-0.000354422	3.659263998	-0.001463986
1.696266081	0.00158374	2.204229975	-0.001731063	3.668912588	-0.001762588
1.703293813	0.003330942	2.207451533	2.54E-05	3.67857657	-0.002074713
1.706818073	0.002987457	2.214952305	-0.002041673	3.688256672	-0.002399279
1.709190033	0.001992552	2.22209989	0.000522251	3.697953137	-0.002735144
1.716099598	0.001747307	2.227646019	0.00245139	3.707665691	-0.003081113
1.721414845	0.001900706	2.233344578	4.85E-05	3.717393511	-0.003435938
1.723229583	0.004229049	2.23993253	-0.001116197	3.727135234	-0.003798326
1.73080626	0.001964882	2.245068147	-0.000111797	3.736888972	-0.004166943
1.73108366	0.001571129	2.250642845	0.001810478	3.746652359	-0.004540422
1.738136992	0.002983526	2.255742181	0.001953305	3.75642262	-0.004917367
1.741146807	0.001819969	2.262641446	0.001025233	3.766196666	-0.005296362
1.745606249	0.001542768	2.268178199	0.002215434	3.7759712	-0.005675981
1.750441793	0.001390067	2.2743871	0.001927721	3.785742842	-0.006054791
1.754495775	0.001219979	2.278349052	0.002283347	3.795508257	-0.006431364
1.758779205	-0.00024126	2.28445554	0.001826443	3.80526428	-0.006804285
1.762983427	-0.000793184	2.290722476	0.002289015	3.815008037	-0.007172159
1.770203677	0.001665938	2.297260471	0.001856814	3.824737042	-0.007533621
1.771562175	0.000811617	2.301742917	0.00247983	3.834449283	-0.007887339
1.775827719	0.000275085	2.308847561	0.001659685	3.844143276	-0.008232025
1.781092658	0.000184699	2.312822493	0.000866917	3.853818098	-0.008566439
1.783496662	0.000584	2.320143536	0.003724362	3.863473396	-0.008889395
1.787421703	0.000825152	2.324294255	0.003705111	3.873109373	-0.009199763
1.79321955	0.000875681	2.33143101	0.003019979	3.882726754	-0.009496474
1.797132848	-0.003339564	2.335764398	0.000743499	3.892326739	-0.009778526
1.801987716	-0.000917626	2.343330343	0.003005514	3.901910941	-0.010044982
1.805633916	-0.00160315	2.346394666	0.004254224	3.911481327	-0.010294973
1.810376432	-0.000724351	2.351721483	0.003069824	3.921040141	-0.010527703
1.81406864	-0.0011668	2.359280802	0.003446626	3.930589843	-0.010742448
1.819797768	-4.84E-05	2.365083333	0.003645616	3.940055491	-0.010927034
1.824205337	-0.000931692	2.370052026	0.001664078	3.949502917	-0.011093283
1.827899746	-0.000979311	2.375311978	0.005047653	3.958934735	-0.011240843
1.831263185	-0.003268226	2.380644394	0.003520673	3.968353567	-0.011369434
1.838208325	-0.001131276	2.387881159	0.004655645	3.977761999	-0.011478853
1.839667029	-0.001442155	2.394098938	0.004542835	3.987162542	-0.011568963
1.845569014	-0.001994417	2.39774158	0.005357312		
1.850753589	-0.00267887	2.405026441	0.004990281		
1.854628864	-0.003329094	2.410687834	0.003767512		
1.859246982	-0.000551249	2.414034019	0.004840861		
1.862833915	-0.002201034	2.421265819	0.004399803		
1.868050727	-0.001691957	2.42707517	0.007146782		
1.873138495	-0.000901367	2.432782861	0.004249693		
1.875525585	-0.00055613	2.438505558	0.005616594		
1.88042811	-0.003489202	2.444144813	0.004267747		
1.88421111	-0.003016388	2.450345039	0.005258522		
1.889243577	-0.003226755	2.456075214	0.004385099		
1.893192315	-0.003585114	2.461817588	0.005399202		
1.897907583	-0.003474286	2.467693614	0.004190682		
1.901174669	-0.002145826	2.474140832	0.004054351		
1.905724123	-0.003139331	2.478937915	0.003993034		
1.910078442	-0.003519082	2.483724292	0.002977221		
1.914975548	-0.003629078	2.488672577	0.005139707		
1.918089316	-0.003226662	2.496002549	0.004956496		
1.922201676	-0.003398106	2.501742819	0.005084825		
1.927076816	-0.00379942	2.506137706	0.003992558		
1.931788356	-0.002554289	2.511308567	0.003338454		
1.936862475	-0.003951081	2.51955227	0.004979276		
1.941665298	-0.003854156	2.524762898	0.003849004		
1.946200646	-0.00381464	2.529714391	0.003095169		
1.949267283	-0.003691799	2.535883626	0.004036955		
1.953335477	-0.005382728	2.541430536	0.003260323		
1.956449559	-0.003619727	2.546306129	0.004900954		
1.961592296	-0.0038059	2.553932445	0.004595285		
1.966641013	-0.006308884	2.557023201	0.003135142		
1.971423628	-0.005173246	2.564154515	0.003231055		
1.975939196	-0.003705928	2.568772385	0.003607015		
1.981312128	-0.003748637	2.57635196	0.00523857		
1.98562003	-0.005908828	2.581184412	0.002387204		
1.988600327	-0.003828041	2.587492006	0.001168584		
1.992163474	-0.004603815	2.591857043	0.002774807		
1.996636386	-0.004577342	2.597049776	0.002315341		
2.002179555	-0.005480274	2.603485855	0.002584533		
2.005581024	-0.003768019	2.609232761	0.002868408		
2.010181665	-0.004096407	2.613872899	0.000796151		
2.015404349	-0.004154087	2.619572886	0.001417584		
2.019647664	-0.005244271	2.626743479	0.003060703		
2.023951406	-0.005258795	2.630028713	0.001158595		
2.03002105	-0.004173141	2.63829434	0.002231959		
2.032406373	-0.006701252	2.642363801	0.000651613		
2.036924446	-0.005938413	2.648101082	0.000789035		
2.040841637	-0.006744631	2.653962944	0.002565084		
2.046477371	-0.005829254	2.658742971	0.000766275		
2.049925467	-0.006421271	2.66715291	-0.000144846		
2.055295323	-0.006563718	2.671738409	0.000666659		
2.058241636	-0.005904751	2.676942878	0.000657809		
2.062134417	-0.007848191	2.682921423	0.000282315		
2.068219027	-0.005257919	2.688636799	-0.000712938		
2.068415623	-0.006466281	2.694505118	-0.001386918		
2.074053936	-0.006656486	2.700392622	-0.0013578		
2.08014511	-0.006575498	2.706543475	-0.001620494		
2.08387058	-0.004076907	2.711882703	-0.001087099		
2.088952923	-0.006709743	2.715862423	-0.001757474		
2.093784666	-0.006466397	2.7218196	0.000445034		
2.098681378	-0.004272763	2.727523816	-0.001044904		
2.103547184	-0.004137213	2.733533015	-0.001446553		
2.107669691	-0.005689462	2.739207215	0.000281168		
2.112163591	-0.004908854	2.74513644	-0.003407873		
2.116406133	-0.004346415	2.750621397	-0.001419991		
2.120651816	-0.004160591	2.753217584	-0.002216615		
2.125740243	-0.004558593	2.762305757	-0.002459332		
2.127828049	-0.006830255	2.766726774	-0.002270969		
2.132897017	-0.00320114	2.774016458	-0.001596866		
2.135891927	-0.00352781	2.779235977	-0.003897243		
2.140261914	-0.004177563	2.783864288	-0.003399453		
2.147837459	-0.004521867	2.789787773	-0.003022834		
2.149949669	-0.00426248	2.795201764	-0.003636762		
2.154025974	-0.003849015	2.801152092	-0.005520294		
2.159734854	-0.00313853	2.807613846	-0.003676238		
2.164007267	-0.00369749	2.812791025	-0.003651424		
2.167448869	-0.004466416	2.816680742	-0.005568843		
2.173405257	-0.004167611	2.824337997	-0.005278871		
2.176894914	-0.002183271	2.829964904	-0.00567955		
2.181731581	-0.004706425	2.833923265	-0.005799409		
2.185830245	-0.00425199	2.841874482	-0.003722279		
2.188895265	-0.003410447	2.846661428	-0.005940866		
2.19533493	-0.003226809	2.851639003	-0.005550989		
2.197597532	-0.002450065	2.857531469	-0.00581515		
2.204057033	-0.004219659	2.863262583	-0.00641779		
2.206391259	-0.00504822	2.870948532	-0.005548243		
2.211081717	-0.005184106	2.876229918	-0.004747121		
2.216233055	-0.004639674	2.882577344	-0.00771021		
2.220724171	-0.002458116	2.885991401	-0.004260881		
2.226677676	-0.001161874	2.891890339	-0.004914618		
2.228790215	-0.002271302	2.89781515	-0.006686958		
2.230923501	-0.004841044	2.902678442	-0.007166195		
2.235135015	-0.002169637	2.909646602	-0.005689687		
2.242399716	-0.002737501	2.914232902	-0.004537503		
2.246545162	-0.003302528	2.922939067	-0.007072359		
2.250585291	-0.002368982	2.924832906	-0.006674908		
2.256711751	-0.002113786	2.932920092	-0.007919315		
2.260377493	7.38E-05	2.935388364	-0.005151761		
2.265332666	-0.002150546	2.944408684	-0.006367651		
2.27007081	-0.002627549	2.947547979	-0.008058427		
2.272859398	-0.002176377	2.954895544	-0.005391416		
2.277565548	-3.42E-05	2.960102757	-0.005820778		
2.284985302	0.000169267	2.964773282	-0.007696898		
2.287708573	-0.001677998	2.969448089	-0.00646758		
2.290960873	-0.002525709	2.975834838	-0.006627891		
2.294853506	-0.000216097	2.982951398	-0.007029226		
2.300815873	-0.001556392	2.988182231	-0.006272346		
2.304450158	-3.87E-05	2.994989193	-0.006388518		
2.309529752	6.54E-05	2.999388648	-0.006884494		
2.3118526	-0.000100634	3.005274332	-0.009506974		
2.319236047	-0.000165619	3.011022828	-0.006885384		
2.323950362	-0.000134827	3.018246817	-0.006522369		
2.326298328	-0.000897061	3.022123088	-0.006026798		
2.329304952	0.000224553	3.028950469	-0.004415937		
2.333856435	0.000338815	3.034637441	-0.007927355		
2.339054076	-7.16E-06	3.041744939	-0.00546626		
2.343569431	-4.22E-05	3.044851715	-0.007500167		
2.348303238	0.002208505	3.051406293	-0.006151312		
2.351817961	0.0018808	3.054972622	-0.004368365		
2.357792095	0.000443009	3.063997075	-0.007975539		
2.362877106	0.001536362	3.068513685	-0.007163481		
2.365114344	0.001519664	3.074341374	-0.004559618		
2.37077772	0.000923037	3.079481661	-0.005927862		
2.37505774	0.001236908	3.082188823	-0.005977255		
2.380370113	0.003398833	3.089048122	-0.005127759		
2.384703593	0.000666036	3.096014846	-0.006349078		
2.38977164	0.001421628	3.102126598	-0.005356186		
2.392310252	0.001295303	3.105224218	-0.006392059		
2.397384684	0.002057071	3.113361617	-0.005505322		
2.401329186	0.002308393	3.119041607	-0.004365366		
2.405819628	0.001215203	3.125680673	-0.004712263		
2.410714939	0.001425106	3.130209749	-0.006484074		
2.412546254	-0.000354661	3.136631849	-0.004603492		
2.417118249	0.004796522	3.141312747	-0.004654754		
2.42182478	0.003228081	3.146935075	-0.004423122		
2.427451669	0.002380398	3.15190612	-0.002653059		
2.432023667	0.002258326	3.15935748	-0.005601534		
2.436817917	0.00176723	3.163780658	-0.002727431		
2.439742259	0.002680254	3.170118418	-0.004043021		
2.444175111	0.00347539	3.176659823	-0.004899502		
2.449034581	0.003258582	3.180134697	-0.004545983		
2.453345825	0.003006717	3.187068854	-0.004391114		
2.457662153	0.004068215	3.192567597	-0.002888126		
2.462623099	0.003929011	3.199762456	-0.00428274		
2.466229563	0.004583221	3.206359697	-0.002872301		
2.471168377	0.001579643	3.20884028	-0.001103654		
2.476304355	0.004454676	3.213749542	-0.002922344		
2.478536112	0.001842303	3.223033431	-0.000758388		
2.483664712	0.004115372	3.227201617	-0.001720424		
2.488695174	0.003086409	3.233731285	-0.001046246		
2.491020882	0.00426037	3.237444529	-0.001129329		
2.495720088	0.001908906	3.245654993	-0.001144127		
2.500518599	0.001819453	3.250451723	-0.000437277		
2.505528118	0.004284725	3.255161449	-0.001515008		
2.510355816	0.001888803	3.260309186	-0.001140076		
2.516212225	0.001395578	3.2678991	-0.000316442		
2.519852589	0.004166832	3.272075126	0.000750128		
2.524565074	0.002468605	3.277956953	-0.001183346		
2.528513814	0.002502505	3.283481078	0.002576881		
2.529863571	0.00466776	3.289498672	0.002354705		
2.537366407	0.004245083	3.295139197	0.000905285		
2.541177744	0.003747535	3.301199113	0.000668204		
2.544654895	0.003989094	3.306279508	-0.000140502		
2.54982251	0.00394991	3.311312876	0.00190066		
2.553514956	0.003029693	3.316719659	0.000941763		
2.55934347	0.00181034	3.324429413	0.000714001		
2.563939856	0.001848166	3.330417611	0.000610283		
2.565917875	0.002507571	3.333960708	0.000626929		
2.571725834	0.002790862	3.340602607	-0.000691563		
2.575658636	0.002911621	3.346555747	0.002309278		
2.580176092	0.004736063	3.35120078	0.002835936		
2.584092355	0.004126055	3.357649594	0.001928235		
2.58875485	0.001857559	3.361438937	0.000849567		
2.593848532	0.003517214	3.370026051	0.002506891		
2.596230485	0.001466933	3.378245101	0.002186722		
2.599999209	0.001325291	3.380311604	0.001509806		
2.605180907	0.0006405	3.386393818	0.002042643		
2.609390748	0.001523052	3.390342538	0.002502197		
2.615256987	0.000493218	3.396284528	0.000663101		
2.618357361	1.72E-03	3.400689358	0.002472546		
2.623232678	0.00130109	3.409019009	0.001651122		
2.627841932	1.86E-04	3.413658733	0.001372934		
2.633561133	0.00273069	3.419004355	0.001956534		
2.637431791	0.002600132	3.424330655	0.00225361		
2.640782629	0.001887582	3.43117495	0.000492331		
2.647476409	-0.000963093	3.437736382	0.000351572		
2.652765667	0.001347487	3.444201309	0.001240595		
2.657866528	-0.001120603	3.448297919	0.002941339		
2.662795404	0.000118604	3.453081962	0.004726641		
2.667369544	0.003913989	3.458160744	0.00032387		
2.670622105	0.001158314	3.465147271	0.001599688		
2.67713869	-0.001227005	3.471071608	0.002505795		
2.678923635	0.00106703	3.474896445	0.002920638		
2.686650352	-0.001350002	3.481388646	0.000252665		
2.689247808	-0.001412959	3.48750132	0.002098535		
2.693434402	0.000325888	3.49325921	0.002108335		
2.696376811	-0.00136523	3.498975777	0.004058756		
2.701353369	-0.001271278	3.504328379	0.001000073		
2.706703238	-0.001287272	3.508926303	0.002098638		
2.711577435	-1.63E-03	3.516122513	6.29E-05		
2.716304409	-1.62E-03	3.520510837	0.002023342		
2.719128655	-0.002251427	3.527895059	0.003828053		
2.726100274	-0.001801895	3.531875095	0.000142279		
2.72881498	-1.19E-03	3.537845426	0.001351598		
2.732383326	-0.001670116	3.54367158	-1.62E-05		
2.736992116	-2.09E-03	3.548099824	0.001267179		
2.742947666	-0.001792469	3.55317084	0.003064071		
2.746767868	-0.003821661	3.558810687	3.88E-06		
2.750881352	-0.00162773	3.564084568	0.001035744		
2.753139315	-0.001553025	3.571483862	-0.000705207		
2.760481665	-0.001489312	3.576244453	0.000558328		
2.765520487	-0.006408816	3.582305243	0.001749709		
2.767002802	-0.003876347	3.588721906	0.001184855		
2.772687589	-0.001208413	3.593779897	0.001538072		
2.778022172	-0.003158401	3.600079425	0.001015731		
2.781406868	-0.003072552	3.60743996	-3.39E-05		
2.785283644	-0.005104138	3.611238601	0.000331506		
2.788162327	-0.003208627	3.617294874	-0.001992846		
2.794595402	-0.004020395	3.62148954	-0.000720248		
2.799612153	-0.005266748	3.627513018	0.001864081		
2.803006365	-0.00327048	3.633916708	-0.001826187		
2.807005261	-0.006218123	3.639715988	-0.000209762		
2.810766832	-0.003919292	3.645037516	-0.001554106		
2.814237651	-0.004166809	3.651115639	-0.000181822		
2.818745278	-0.004937806	3.655612841	-0.001122255		
2.826196855	-0.004945476	3.661637538	0.000195323		
2.82927101	-0.00708732	3.667130066	-0.000826411		
2.834138954	-0.006309319	3.672815648	-0.00267625		
2.839304765	-0.006757672	3.678428702	-0.002086636		
2.841369556	-0.005560387	3.683400433	-0.00288551		
2.845408924	-0.006178651	3.688841644	-0.002217394		
2.848642062	-0.006510654	3.694574463	-0.004305413		
2.855049008	-0.006047092	3.702039735	-0.002670821		
2.860698887	-0.005655574	3.707900017	-0.00365131		
2.863321654	-0.004328549	3.71232884	-0.002484747		
2.86613635	-0.006756762	3.716092194	-0.002986592		
2.873117149	-0.006540826	3.725764144	-0.004669466		
2.877953352	-0.004368815	3.729495316	-0.004637145		
2.884373974	-0.008554684	3.733379877	-0.004682123		
2.885806929	-0.006728488	3.739213324	-0.00540457		
2.893281077	-0.006610788	3.745892663	-0.003051792		
2.894842936	-0.006757556	3.750942597	-0.004022104		
2.899669865	-0.006785191	3.758518879	-0.004673039		
2.904993248	-0.006783978	3.762502712	-0.004589411		
2.909052573	-0.005122849	3.767615335	-0.004202825		
2.912647265	-0.00685746	3.773365	-0.005550594		
2.915862294	-0.008629407	3.777972445	-0.005318825		
2.920786241	-0.00727301	3.785635369	-0.004181539		
2.92555358	-0.007597993	3.789315652	-0.006192287		
2.929568376	-0.007371273	3.79569163	-0.007362034		
2.934754685	-0.005510566	3.801374272	-0.005661029		
2.936475517	-0.006812903	3.808469281	-0.007395197		
2.943318841	-0.008249153	3.812127701	-0.00517627		
2.949026743	-0.008061305	3.818505752	-0.008830509		
2.951418314	-0.009008373	3.824091883	-0.006278658		
2.955356374	-0.008085389	3.828844711	-0.007347663		
2.95902792	-0.007555056	3.834317005	-0.006954065		
2.963886048	-0.006845292	3.839365458	-0.007405342		
2.971435299	-0.006926017	3.844902972	-0.008464442		
2.974458547	-0.007829728	3.851645013	-0.006838049		
2.978593622	-0.009467629	3.856557839	-0.00689334		
2.981060384	-0.009447427	3.865202623	-0.006509454		
2.985710876	-0.007250038	3.870246178	-0.006831186		
2.990743584	-0.006886747	3.873021903	-0.00884226		
2.994766754	-0.00941805	3.881322966	-0.008032226		
3.000572601	-0.009279655	3.884447672	-0.00694205		
3.003322896	-0.008656307	3.890747056	-0.008661292		
3.008721802	-0.007883612	3.897194086	-0.006945017		
3.012806079	-0.009750016	3.90014817	-0.009194487		
3.019819372	-0.009746087	3.908896257	-0.007408627		
3.022544357	-0.009514127	3.914033882	-0.00879657		
3.025759538	-0.009730304	3.919398248	-0.007048084		
3.029995725	-0.007034787	3.923304942	-0.009079541		
3.035155304	-0.00925445	3.931391772	-0.009290279		
3.039439763	-0.0085148	3.936887204	-0.009582403		
3.045364838	-0.010528723	3.942167348	-0.008295456		
3.047769641	-0.009002189	3.948430945	-0.009791048		
3.053121122	-0.00902267	3.952441483	-0.007537942		
3.056870446	-0.00923553	3.960059271	-0.010955742		
3.061820602	-0.008342268	3.964212972	-0.009027986		
3.065695675	-0.007681111	3.970224061	-0.008228512		
3.071294521	-0.010263988	3.975933822	-0.010029979		
3.07174159	-0.006870636	3.983438216	-0.009222207		
3.079173665	-0.007289854	3.987151059	-0.008366936		
3.08504774	-0.009753132	3.993074378	-0.009298509		
3.090213572	-0.009640639	3.99870702	-0.011103864		
3.093658855	-0.009491254				
3.096925742	-0.009382377				
3.100008111	-0.009546495				
3.106491229	-0.007236584				
3.110961452	-0.009874655				
3.114466669	-0.007738483				
3.119701831	-0.008873934				
3.124510608	-0.009385303				
3.127853437	-0.00756745				
3.133381389	-0.008575376				
3.139289143	-0.008642308				
3.14072566	-0.007677093				
3.147713053	-0.007485321				
3.150939195	-0.009193333				
3.15531049	-0.007525386				
3.159891105	-0.010029651				
3.162585383	-0.007503061				
3.167377856	-0.007493247				
3.172715653	-0.005475899				
3.177825919	-0.006207412				
3.181811225	-0.007441568				
3.186826334	-0.0080014				
3.192021738	-0.007715439				
3.196975405	-0.006599116				
3.199409223	-0.006314145				
3.204109754	-0.007562329				
3.208026509	-0.006293207				
3.210630179	-0.005739631				
3.217030476	-0.005901379				
3.220515035	-0.006147292				
3.226675512	-0.007928835				
3.230736727	-0.006305112				
3.235330503	-0.005919846				
3.238114573	-0.00495445				
3.244954641	-0.005386204				
3.247079725	-0.005301983				
3.251961791	-0.00398994				
3.256838419	-0.005402822				
3.260472891	-0.005114731				
3.265059726	-0.00294961				
3.270178059	-0.002930588				
3.275121524	-0.003644602				
3.280120972	-0.005309252				
3.281771136	-0.003136985				
3.287816516	-0.003713238				
3.292988537	-0.004868422				
3.297839161	-0.004226854				
3.302299349	-0.003006567				
3.304935703	-0.003241992				
3.309907267	-0.00327373				
3.314659283	-0.00329649				
3.319491659	-0.002860103				
3.32181592	-0.004154943				
3.326613318	-0.0022113				
3.330477481	-0.002728816				
3.336479083	-0.002036772				
3.340396506	-0.003033098				
3.345921597	-0.004144191				
3.351223738	-0.002347416				
3.355383498	-0.003115972				
3.358340105	-0.000992231				
3.361136978	-0.002401191				
3.369112604	-0.001446209				
3.373516591	-0.000778591				
3.376671336	-0.001531714				
3.380973931	0.001029804				
3.387183568	-0.001620534				
3.388730683	-0.002356424				
3.394752624	-0.002157004				
3.397676129	-0.003691196				
3.401882416	-0.001109781				
3.410015788	-0.000703297				
3.412132632	-0.002037439				
3.416189362	-0.001137446				
3.420518887	-0.000491319				
3.42412292	-0.001407035				
3.429775834	0.001269299				
3.435218821	-0.0002073				
3.437128035	0.001478833				
3.444154473	-0.003660882				
3.448434466	-0.001574781				
3.451759326	-0.003266153				
3.457882341	-0.001143362				
3.461511238	0.001202983				
3.465242451	-0.00123714				
3.46791641	-0.001035793				
3.47287307	0.000872807				
3.479473356	0.000647628				
3.481056166	0.001057669				
3.487214363	0.000816127				
3.490965398	0.001233587				
3.495400844	0.000903094				
3.49828607	9.05E-05				
3.505426248	0.00078856				
3.510601136	0.001125656				
3.514981487	0.001053802				
3.518312492	-8.73E-05				
3.521990421	-0.00022344				
3.52714186	-0.0008536				
3.530382075	-0.001373124				
3.536582654	-0.002739799				
3.539467467	-0.000381041				
3.542609667	0.001088148				
3.549644883	0.000670085				
3.552285065	0.000811306				
3.557407152	0.00064113				
3.562460199	-0.000212862				
3.563997979	0.000862908				
3.574173284	-0.001127112				
3.576813456	0.000757684				
3.581227605	-0.000180415				
3.58415657	0.000813725				
3.588781859	0.000509862				
3.591825913	-0.001489581				
3.597271845	-0.001424662				
3.602033189	-0.000481691				
3.606232623	-0.000409329				
3.612452835	-0.001994017				
3.617412129	-0.001094431				
3.620212508	-0.000443419				
3.624314862	-0.001809112				
3.62787408	-0.000342419				
3.632923765	-0.00181271				
3.633983886	-0.002283635				
3.63797352	0.000917854				
3.644199303	-0.001579215				
3.648149195	-0.003047916				
3.652881375	-0.003970127				
3.657658781	-0.001297582				
3.66215824	0.000732811				
3.668150094	-0.001487668				
3.67200803	-0.004516654				
3.677011419	-0.00447013				
3.680170756	-0.002864079				
3.683844446	-0.001559358				
3.687135728	-0.003789926				
3.69535363	-0.003085902				
3.698983713	-0.003577905				
3.704207681	-0.003220652				
3.707037888	-0.004510166				
3.712705931	-0.004220126				
3.714324637	-0.004496727				
3.7229449	-0.003514892				
3.724022263	-0.00452386				
3.729737076	-0.005836446				
3.734709385	-0.005139789				
3.738773157	-0.003214463				
3.741672272	-0.006685563				
3.748266007	-0.006231533				
3.750700717	-0.004654248				
3.755286181	-0.006972851				
3.760567553	-0.004821889				
3.764367238	-0.004593675				
3.771015575	-0.006590529				
3.772679695	-0.005667322				
3.776845462	-0.00659263				
3.781334442	-0.008959709				
3.78685022	-0.005985915				
3.790192041	-0.009431952				
3.794582078	-0.009540173				
3.801933497	-0.00704463				
3.804621882	-0.007125792				
3.809749382	-0.007171358				
3.814460198	-0.009655454				
3.818520478	-0.007633867				
3.823042017	-0.007280618				
3.827272389	-0.008316143				
3.83035537	-0.007090392				
3.835324187	-0.007432583				
3.841754498	-0.009797937				
3.8438559	-0.009839235				
3.848806781	-0.007338056				
3.853694994	-0.009766647				
3.856453708	-0.00964542				
3.863725061	-0.00979763				
3.870668638	-0.009888372				
3.873120205	-0.009902763				
3.880522189	-0.009755623				
3.883086399	-0.010085078				
3.888073129	-0.009899463				
3.894195553	-0.008052012				
3.896059601	-0.00971607				
3.902548336	-0.010122728				
3.905170773	-0.010927046				
3.910308557	-0.009685941				
3.912273351	-0.009957729				
3.91857115	-0.012309149				
3.924652965	-0.010408147				
3.927307222	-0.012408641				
3.932218263	-0.010259148				
3.937049252	-0.007574838				
3.941898758	-0.009831964				
3.944390102	-0.009277511				
3.94663879	-0.010368381				
3.954156056	-0.010243977				
3.95961092	-0.012039003				
3.962556973	-0.012452711				
3.966433996	-0.010448963				
3.971416277	-0.009848733				
3.976010331	-0.012390001				
3.981394244	-0.012287411				
3.985943502	-0.012430428				
3.991157236	-0.011007102				
3.996209058	-0.011435772				